2017-05-29 18:13:53, [(0, -60), (0, -55), (0, -50), (0, -45), (0, -40), (0, -35), (0, -30), (0, -25), (0, -20), (0, -15), (0, -10), (0, -5), (0, 0), (0, 5), (0, 10), (0, 15), (0, 20), (0, 25), (0, 30), (0, 35), (0, 40), (0, 45), (0, 50), (0, 55), (0, 60)]
2017-05-29 18:13:53, [(384, -60), (288, -55), (272, -50), (208, -45), (208, -40), (208, -35), (208, -30), (208, -25), (208, -20), (208, -15), (192, -10), (192, -5), (176, 0), (176, 5), (176, 10), (176, 15), (192, 20), (192, 25), (192, 30), (176, 35), (192, 40), (256, 45), (288, 50), (320, 55), (320, 60)]
2017-05-29 18:13:53, [(0, -60), (0, -55), (0, -50), (0, -45), (0, -40), (0, -35), (0, -30), (0, -25), (0, -20), (0, -15), (0, -10), (0, -5), (0, 0), (0, 5), (0, 10), (0, 15), (0, 20), (0, 25), (0, 30), (0, 35), (0, 40), (0, 45), (0, 50), (0, 55), (0, 60)]
2017-05-29 18:13:53, [(272, -60), (304, -55), (208, -50), (192, -45), (208, -40), (208, -35), (192, -30), (192, -25), (192, -20), (192, -15), (192, -10), (192, -5), (160, 0), (144, 5), (144, 10), (192, 15), (176, 20), (160, 25), (176, 30), (160, 35), (176, 40), (240, 45), (288, 50), (320, 55), (304, 60)]
2017-05-29 18:13:53, [(208, -60), (176, -55), (176, -50), (192, -45), (208, -40), (176, -35), (176, -30), (160, -25), (176, -20), (176, -15), (176, -10), (176, -5), (160, 0), (160, 5), (112, 10), (112, 15), (96, 20), (96, 25), (96, 30), (96, 35), (96, 40), (112, 45), (160, 50), (288, 55), (112, 60)]
2017-05-29 18:13:53, [(224, -60), (240, -55), (240, -50), (192, -45), (192, -40), (208, -35), (160, -30), (160, -25), (160, -20), (160, -15), (160, -10), (160, -5), (128, 0), (128, 5), (128, 10), (128, 15), (112, 20), (112, 25), (112, 30), (176, 35), (176, 40), (240, 45), (240, 50), (224, 55), (288, 60)]
2017-05-29 18:13:54, [(224, -60), (240, -55), (288, -50), (192, -45), (208, -40), (224, -35), (208, -30), (208, -25), (208, -20), (208, -15), (208, -10), (208, -5), (160, 0), (160, 5), (160, 10), (192, 15), (144, 20), (128, 25), (112, 30), (176, 35), (176, 40), (272, 45), (304, 50), (336, 55), (304, 60)]
2017-05-29 18:13:54, [(0, -60), (0, -55), (0, -50), (0, -45), (0, -40), (0, -35), (0, -30), (0, -25), (0, -20), (0, -15), (0, -10), (0, -5), (0, 0), (0, 5), (0, 10), (0, 15), (0, 20), (0, 25), (0, 30), (0, 35), (0, 40), (0, 45), (0, 50), (0, 55), (0, 60)]
2017-05-29 18:13:54, [(224, -60), (240, -55), (208, -50), (208, -45), (208, -40), (208, -35), (208, -30), (208, -25), (192, -20), (192, -15), (160, -10), (160, -5), (128, 0), (144, 5), (144, 10), (128, 15), (128, 20), (128, 25), (112, 30), (176, 35), (192, 40), (256, 45), (288, 50), (320, 55), (288, 60)]
2017-05-29 18:13:54, [(224, -60), (240, -55), (256, -50), (192, -45), (192, -40), (176, -35), (176, -30), (160, -25), (176, -20), (176, -15), (176, -10), (176, -5), (128, 0), (128, 5), (144, 10), (128, 15), (128, 20), (128, 25), (112, 30), (176, 35), (176, 40), (208, 45), (224, 50), (288, 55), (304, 60)]
2017-05-29 18:13:54, [(0, -60), (0, -55), (0, -50), (0, -45), (0, -40), (0, -35), (0, -30), (0, -25), (0, -20), (0, -15), (0, -10), (0, -5), (0, 0), (0, 5), (0, 10), (0, 15), (0, 20), (0, 25), (0, 30), (0, 35), (0, 40), (0, 45), (0, 50), (0, 55), (0, 60)]
2017-05-29 18:13:54, [(160, -60), (160, -55), (176, -50), (192, -45), (192, -40), (176, -35), (176, -30), (160, -25), (176, -20), (176, -15), (160, -10), (160, -5), (128, 0), (128, 5), (144, 10), (128, 15), (128, 20), (128, 25), (112, 30), (112, 35), (112, 40), (96, 45), (96, 50), (80, 55), (80, 60)]
2017-05-29 18:13:54, [(224, -60), (208, -55), (192, -50), (192, -45), (208, -40), (176, -35), (176, -30), (160, -25), (176, -20), (192, -15), (192, -10), (160, -5), (128, 0), (128, 5), (128, 10), (160, 15), (144, 20), (128, 25), (112, 30), (144, 35), (160, 40), (208, 45), (224, 50), (320, 55), (288, 60)]
2017-05-29 18:13:54, [(0, -60), (0, -55), (0, -50), (0, -45), (0, -40), (0, -35), (0, -30), (0, -25), (0, -20), (0, -15), (0, -10), (0, -5), (0, 0), (0, 5), (0, 10), (0, 15), (0, 20), (0, 25), (0, 30), (0, 35), (0, 40), (0, 45), (0, 50), (0, 55), (0, 60)]
2017-05-29 18:13:55, [(224, -60), (240, -55), (256, -50), (208, -45), (192, -40), (176, -35), (192, -30), (192, -25), (176, -20), (192, -15), (160, -10), (160, -5), (128, 0), (128, 5), (144, 10), (160, 15), (144, 20), (128, 25), (112, 30), (96, 35), (96, 40), (208, 45), (256, 50), (320, 55), (288, 60)]
2017-05-29 18:13:55, [(224, -60), (240, -55), (256, -50), (192, -45), (208, -40), (208, -35), (192, -30), (192, -25), (192, -20), (192, -15), (192, -10), (192, -5), (160, 0), (144, 5), (144, 10), (128, 15), (128, 20), (128, 25), (112, 30), (96, 35), (96, 40), (240, 45), (288, 50), (320, 55), (304, 60)]
2017-05-29 18:13:55, [(0, -60), (0, -55), (0, -50), (0, -45), (0, -40), (0, -35), (0, -30), (0, -25), (0, -20), (0, -15), (0, -10), (0, -5), (0, 0), (0, 5), (0, 10), (0, 15), (0, 20), (0, 25), (0, 30), (0, 35), (0, 40), (0, 45), (0, 50), (0, 55), (0, 60)]
2017-05-29 18:13:55, [(224, -60), (240, -55), (176, -50), (192, -45), (208, -40), (208, -35), (192, -30), (192, -25), (192, -20), (192, -15), (192, -10), (192, -5), (160, 0), (160, 5), (144, 10), (128, 15), (128, 20), (128, 25), (112, 30), (176, 35), (176, 40), (160, 45), (288, 50), (320, 55), (304, 60)]
2017-05-29 18:13:55, [(224, -60), (240, -55), (240, -50), (192, -45), (208, -40), (208, -35), (192, -30), (192, -25), (192, -20), (192, -15), (192, -10), (192, -5), (160, 0), (144, 5), (144, 10), (160, 15), (144, 20), (128, 25), (112, 30), (176, 35), (176, 40), (240, 45), (288, 50), (320, 55), (304, 60)]
2017-05-29 18:13:55, [(0, -60), (0, -55), (0, -50), (0, -45), (0, -40), (0, -35), (0, -30), (0, -25), (0, -20), (0, -15), (0, -10), (0, -5), (0, 0), (0, 5), (0, 10), (0, 15), (0, 20), (0, 25), (0, 30), (0, 35), (0, 40), (0, 45), (0, 50), (0, 55), (0, 60)]
2017-05-29 18:13:55, [(224, -60), (240, -55), (208, -50), (160, -45), (160, -40), (160, -35), (160, -30), (160, -25), (176, -20), (176, -15), (160, -10), (160, -5), (128, 0), (128, 5), (144, 10), (128, 15), (96, 20), (96, 25), (96, 30), (96, 35), (96, 40), (192, 45), (176, 50), (192, 55), (288, 60)]
2017-05-29 18:13:56, [(224, -60), (240, -55), (240, -50), (192, -45), (208, -40), (224, -35), (192, -30), (192, -25), (192, -20), (192, -15), (192, -10), (192, -5), (160, 0), (160, 5), (144, 10), (160, 15), (144, 20), (128, 25), (112, 30), (176, 35), (176, 40), (240, 45), (288, 50), (320, 55), (304, 60)]
2017-05-29 18:13:56, [(0, -60), (0, -55), (0, -50), (0, -45), (0, -40), (0, -35), (0, -30), (0, -25), (0, -20), (0, -15), (0, -10), (0, -5), (0, 0), (0, 5), (0, 10), (0, 15), (0, 20), (0, 25), (0, 30), (0, 35), (0, 40), (0, 45), (0, 50), (0, 55), (0, 60)]
2017-05-29 18:13:56, [(224, -60), (240, -55), (176, -50), (192, -45), (208, -40), (208, -35), (192, -30), (192, -25), (192, -20), (192, -15), (192, -10), (176, -5), (128, 0), (128, 5), (144, 10), (128, 15), (128, 20), (128, 25), (112, 30), (160, 35), (176, 40), (160, 45), (272, 50), (304, 55), (304, 60)]
2017-05-29 18:13:56, [(224, -60), (208, -55), (176, -50), (192, -45), (176, -40), (160, -35), (160, -30), (160, -25), (176, -20), (176, -15), (176, -10), (176, -5), (128, 0), (128, 5), (128, 10), (128, 15), (96, 20), (96, 25), (96, 30), (96, 35), (96, 40), (160, 45), (208, 50), (224, 55), (304, 60)]
2017-05-29 18:13:56, [(0, -60), (0, -55), (0, -50), (0, -45), (0, -40), (0, -35), (0, -30), (0, -25), (0, -20), (0, -15), (0, -10), (0, -5), (0, 0), (0, 5), (0, 10), (0, 15), (0, 20), (0, 25), (0, 30), (0, 35), (0, 40), (0, 45), (0, 50), (0, 55), (0, 60)]
2017-05-29 18:13:56, [(224, -60), (208, -55), (192, -50), (192, -45), (176, -40), (176, -35), (176, -30), (192, -25), (160, -20), (160, -15), (144, -10), (128, -5), (128, 0), (128, 5), (128, 10), (160, 15), (144, 20), (128, 25), (112, 30), (144, 35), (160, 40), (192, 45), (208, 50), (256, 55), (272, 60)]
2017-05-29 18:13:56, [(224, -60), (240, -55), (208, -50), (192, -45), (192, -40), (176, -35), (176, -30), (160, -25), (176, -20), (176, -15), (176, -10), (176, -5), (128, 0), (128, 5), (144, 10), (160, 15), (144, 20), (128, 25), (112, 30), (160, 35), (176, 40), (208, 45), (224, 50), (288, 55), (304, 60)]
2017-05-29 18:13:56, [(0, -60), (0, -55), (0, -50), (0, -45), (0, -40), (0, -35), (0, -30), (0, -25), (0, -20), (0, -15), (0, -10), (0, -5), (0, 0), (0, 5), (0, 10), (0, 15), (0, 20), (0, 25), (0, 30), (0, 35), (0, 40), (0, 45), (0, 50), (0, 55), (0, 60)]
2017-05-29 18:13:57, [(224, -60), (208, -55), (192, -50), (192, -45), (208, -40), (176, -35), (192, -30), (192, -25), (176, -20), (176, -15), (160, -10), (160, -5), (128, 0), (128, 5), (144, 10), (160, 15), (144, 20), (128, 25), (112, 30), (144, 35), (160, 40), (208, 45), (256, 50), (288, 55), (288, 60)]
2017-05-29 18:13:57, [(224, -60), (240, -55), (208, -50), (192, -45), (176, -40), (176, -35), (176, -30), (160, -25), (176, -20), (176, -15), (176, -10), (176, -5), (160, 0), (160, 5), (144, 10), (160, 15), (144, 20), (128, 25), (112, 30), (160, 35), (176, 40), (192, 45), (208, 50), (288, 55), (304, 60)]
2017-05-29 18:13:57, [(0, -60), (0, -55), (0, -50), (0, -45), (0, -40), (0, -35), (0, -30), (0, -25), (0, -20), (0, -15), (0, -10), (0, -5), (0, 0), (0, 5), (0, 10), (0, 15), (0, 20), (0, 25), (0, 30), (0, 35), (0, 40), (0, 45), (0, 50), (0, 55), (0, 60)]
2017-05-29 18:13:57, [(272, -60), (256, -55), (176, -50), (192, -45), (208, -40), (208, -35), (208, -30), (208, -25), (192, -20), (176, -15), (176, -10), (176, -5), (160, 0), (160, 5), (144, 10), (160, 15), (176, 20), (160, 25), (176, 30), (176, 35), (176, 40), (160, 45), (272, 50), (288, 55), (304, 60)]
2017-05-29 18:13:57, [(224, -60), (240, -55), (176, -50), (192, -45), (208, -40), (176, -35), (176, -30), (160, -25), (176, -20), (176, -15), (176, -10), (176, -5), (160, 0), (160, 5), (144, 10), (128, 15), (96, 20), (96, 25), (96, 30), (96, 35), (96, 40), (160, 45), (224, 50), (288, 55), (304, 60)]
2017-05-29 18:13:57, [(0, -60), (0, -55), (0, -50), (0, -45), (0, -40), (0, -35), (0, -30), (0, -25), (0, -20), (0, -15), (0, -10), (0, -5), (0, 0), (0, 5), (0, 10), (0, 15), (0, 20), (0, 25), (0, 30), (0, 35), (0, 40), (0, 45), (0, 50), (0, 55), (0, 60)]
2017-05-29 18:13:57, [(224, -60), (240, -55), (208, -50), (192, -45), (208, -40), (208, -35), (192, -30), (192, -25), (192, -20), (192, -15), (192, -10), (192, -5), (160, 0), (144, 5), (144, 10), (160, 15), (144, 20), (128, 25), (112, 30), (160, 35), (176, 40), (240, 45), (288, 50), (320, 55), (304, 60)]
2017-05-29 18:13:57, [(224, -60), (208, -55), (192, -50), (192, -45), (208, -40), (176, -35), (176, -30), (160, -25), (176, -20), (176, -15), (176, -10), (176, -5), (128, 0), (128, 5), (144, 10), (128, 15), (96, 20), (96, 25), (96, 30), (96, 35), (96, 40), (208, 45), (224, 50), (288, 55), (304, 60)]
2017-05-29 18:13:58, [(0, -60), (0, -55), (0, -50), (0, -45), (0, -40), (0, -35), (0, -30), (0, -25), (0, -20), (0, -15), (0, -10), (0, -5), (0, 0), (0, 5), (0, 10), (0, 15), (0, 20), (0, 25), (0, 30), (0, 35), (0, 40), (0, 45), (0, 50), (0, 55), (0, 60)]
2017-05-29 18:13:58, [(224, -60), (240, -55), (256, -50), (192, -45), (208, -40), (224, -35), (192, -30), (192, -25), (192, -20), (192, -15), (192, -10), (192, -5), (160, 0), (144, 5), (144, 10), (128, 15), (128, 20), (128, 25), (112, 30), (176, 35), (176, 40), (240, 45), (288, 50), (320, 55), (304, 60)]
2017-05-29 18:13:58, [(224, -60), (240, -55), (208, -50), (192, -45), (192, -40), (176, -35), (176, -30), (160, -25), (176, -20), (176, -15), (176, -10), (176, -5), (128, 0), (128, 5), (144, 10), (160, 15), (144, 20), (128, 25), (112, 30), (160, 35), (176, 40), (208, 45), (224, 50), (288, 55), (304, 60)]
2017-05-29 18:13:58, [(0, -60), (0, -55), (0, -50), (0, -45), (0, -40), (0, -35), (0, -30), (0, -25), (0, -20), (0, -15), (0, -10), (0, -5), (0, 0), (0, 5), (0, 10), (0, 15), (0, 20), (0, 25), (0, 30), (0, 35), (0, 40), (0, 45), (0, 50), (0, 55), (0, 60)]
2017-05-29 18:13:58, [(224, -60), (256, -55), (240, -50), (192, -45), (208, -40), (208, -35), (192, -30), (192, -25), (192, -20), (160, -15), (144, -10), (128, -5), (128, 0), (128, 5), (144, 10), (160, 15), (176, 20), (128, 25), (112, 30), (176, 35), (176, 40), (240, 45), (272, 50), (256, 55), (272, 60)]
2017-05-29 18:13:58, [(224, -60), (240, -55), (208, -50), (192, -45), (192, -40), (176, -35), (176, -30), (160, -25), (176, -20), (192, -15), (192, -10), (192, -5), (160, 0), (160, 5), (144, 10), (160, 15), (144, 20), (128, 25), (112, 30), (160, 35), (176, 40), (208, 45), (224, 50), (320, 55), (304, 60)]
2017-05-29 18:13:58, [(0, -60), (0, -55), (0, -50), (0, -45), (0, -40), (0, -35), (0, -30), (0, -25), (0, -20), (0, -15), (0, -10), (0, -5), (0, 0), (0, 5), (0, 10), (0, 15), (0, 20), (0, 25), (0, 30), (0, 35), (0, 40), (0, 45), (0, 50), (0, 55), (0, 60)]
2017-05-29 18:13:59, [(224, -60), (208, -55), (192, -50), (192, -45), (176, -40), (176, -35), (176, -30), (160, -25), (176, -20), (176, -15), (176, -10), (176, -5), (128, 0), (128, 5), (144, 10), (128, 15), (128, 20), (128, 25), (112, 30), (144, 35), (128, 40), (192, 45), (208, 50), (288, 55), (304, 60)]
2017-05-29 18:13:59, [(224, -60), (240, -55), (240, -50), (192, -45), (192, -40), (176, -35), (176, -30), (160, -25), (176, -20), (176, -15), (176, -10), (176, -5), (160, 0), (160, 5), (144, 10), (160, 15), (144, 20), (128, 25), (112, 30), (176, 35), (176, 40), (208, 45), (224, 50), (288, 55), (304, 60)]
2017-05-29 18:13:59, [(0, -60), (0, -55), (0, -50), (0, -45), (0, -40), (0, -35), (0, -30), (0, -25), (0, -20), (0, -15), (0, -10), (0, -5), (0, 0), (0, 5), (0, 10), (0, 15), (0, 20), (0, 25), (0, 30), (0, 35), (0, 40), (0, 45), (0, 50), (0, 55), (0, 60)]
2017-05-29 18:13:59, [(176, -60), (176, -55), (176, -50), (192, -45), (176, -40), (160, -35), (160, -30), (144, -25), (144, -20), (176, -15), (176, -10), (128, -5), (112, 0), (112, 5), (128, 10), (128, 15), (128, 20), (128, 25), (112, 30), (160, 35), (128, 40), (128, 45), (128, 50), (224, 55), (288, 60)]
2017-05-29 18:13:59, [(0, -60), (0, -55), (0, -50), (0, -45), (0, -40), (0, -35), (0, -30), (0, -25), (0, -20), (0, -15), (0, -10), (0, -5), (0, 0), (0, 5), (0, 10), (0, 15), (0, 20), (0, 25), (0, 30), (0, 35), (0, 40), (0, 45), (0, 50), (0, 55), (0, 60)]
2017-05-29 18:13:59, [(0, -60), (0, -55), (0, -50), (0, -45), (0, -40), (0, -35), (0, -30), (0, -25), (0, -20), (0, -15), (0, -10), (0, -5), (0, 0), (0, 5), (0, 10), (0, 15), (0, 20), (0, 25), (0, 30), (0, 35), (0, 40), (0, 45), (0, 50), (0, 55), (0, 60)]
2017-05-29 18:13:59, [(80, -60), (80, -55), (96, -50), (96, -45), (96, -40), (80, -35), (80, -30), (80, -25), (240, -20), (240, -15), (256, -10), (256, -5), (48, 0), (48, 5), (48, 10), (224, 15), (224, 20), (224, 25), (208, 30), (208, 35), (208, 40), (208, 45), (224, 50), (368, 55), (112, 60)]
2017-05-29 18:13:59, [(64, -60), (64, -55), (64, -50), (48, -45), (48, -40), (48, -35), (48, -30), (48, -25), (48, -20), (48, -15), (32, -10), (32, -5), (32, 0), (32, 5), (32, 10), (48, 15), (48, 20), (48, 25), (48, 30), (48, 35), (48, 40), (48, 45), (64, 50), (64, 55), (64, 60)]
2017-05-29 18:14:00, [(0, -60), (0, -55), (0, -50), (0, -45), (0, -40), (0, -35), (0, -30), (0, -25), (0, -20), (0, -15), (0, -10), (0, -5), (0, 0), (0, 5), (0, 10), (0, 15), (0, 20), (0, 25), (0, 30), (0, 35), (0, 40), (0, 45), (0, 50), (0, 55), (0, 60)]
2017-05-29 18:14:00, [(432, -60), (400, -55), (176, -50), (192, -45), (176, -40), (160, -35), (160, -30), (144, -25), (144, -20), (144, -15), (240, -10), (240, -5), (240, 0), (224, 5), (208, 10), (192, 15), (176, 20), (160, 25), (160, 30), (160, 35), (160, 40), (160, 45), (160, 50), (224, 55), (256, 60)]
2017-05-29 18:14:00, [(96, -60), (96, -55), (80, -50), (80, -45), (64, -40), (64, -35), (64, -30), (64, -25), (64, -20), (176, -15), (240, -10), (128, -5), (224, 0), (208, 5), (192, 10), (192, 15), (176, 20), (160, 25), (176, 30), (160, 35), (160, 40), (160, 45), (176, 50), (160, 55), (160, 60)]
2017-05-29 18:14:00, [(0, -60), (0, -55), (0, -50), (0, -45), (0, -40), (0, -35), (0, -30), (0, -25), (0, -20), (0, -15), (0, -10), (0, -5), (0, 0), (0, 5), (0, 10), (0, 15), (0, 20), (0, 25), (0, 30), (0, 35), (0, 40), (0, 45), (0, 50), (0, 55), (0, 60)]
2017-05-29 18:14:00, [(64, -60), (64, -55), (64, -50), (48, -45), (64, -40), (64, -35), (64, -30), (64, -25), (64, -20), (80, -15), (64, -10), (64, -5), (64, 0), (64, 5), (64, 10), (80, 15), (80, 20), (80, 25), (80, 30), (80, 35), (160, 40), (160, 45), (160, 50), (160, 55), (160, 60)]
2017-05-29 18:14:00, [(160, -60), (160, -55), (160, -50), (144, -45), (160, -40), (144, -35), (160, -30), (224, -25), (224, -20), (208, -15), (224, -10), (224, -5), (240, 0), (928, 5), (752, 10), (496, 15), (384, 20), (272, 25), (272, 30), (240, 35), (192, 40), (192, 45), (176, 50), (144, 55), (144, 60)]
2017-05-29 18:14:00, [(0, -60), (0, -55), (0, -50), (0, -45), (0, -40), (0, -35), (0, -30), (0, -25), (0, -20), (0, -15), (0, -10), (0, -5), (0, 0), (0, 5), (0, 10), (0, 15), (0, 20), (0, 25), (0, 30), (0, 35), (0, 40), (0, 45), (0, 50), (0, 55), (0, 60)]
2017-05-29 18:14:00, [(288, -60), (224, -55), (208, -50), (208, -45), (208, -40), (208, -35), (192, -30), (160, -25), (176, -20), (176, -15), (176, -10), (176, -5), (128, 0), (128, 5), (160, 10), (160, 15), (160, 20), (160, 25), (160, 30), (160, 35), (192, 40), (240, 45), (240, 50), (288, 55), (320, 60)]
2017-05-29 18:14:01, [(224, -60), (256, -55), (240, -50), (192, -45), (192, -40), (176, -35), (176, -30), (160, -25), (176, -20), (176, -15), (176, -10), (176, -5), (160, 0), (144, 5), (144, 10), (160, 15), (176, 20), (128, 25), (112, 30), (176, 35), (176, 40), (208, 45), (224, 50), (288, 55), (304, 60)]
2017-05-29 18:14:01, [(0, -60), (0, -55), (0, -50), (0, -45), (0, -40), (0, -35), (0, -30), (0, -25), (0, -20), (0, -15), (0, -10), (0, -5), (0, 0), (0, 5), (0, 10), (0, 15), (0, 20), (0, 25), (0, 30), (0, 35), (0, 40), (0, 45), (0, 50), (0, 55), (0, 60)]
2017-05-29 18:14:01, [(224, -60), (240, -55), (208, -50), (208, -45), (176, -40), (176, -35), (160, -30), (144, -25), (144, -20), (176, -15), (176, -10), (176, -5), (128, 0), (128, 5), (144, 10), (160, 15), (144, 20), (128, 25), (112, 30), (160, 35), (208, 40), (192, 45), (208, 50), (224, 55), (304, 60)]
2017-05-29 18:14:01, [(224, -60), (240, -55), (208, -50), (192, -45), (176, -40), (160, -35), (160, -30), (144, -25), (144, -20), (176, -15), (176, -10), (176, -5), (128, 0), (128, 5), (144, 10), (160, 15), (144, 20), (128, 25), (112, 30), (160, 35), (176, 40), (192, 45), (208, 50), (224, 55), (304, 60)]
2017-05-29 18:14:01, [(0, -60), (0, -55), (0, -50), (0, -45), (0, -40), (0, -35), (0, -30), (0, -25), (0, -20), (0, -15), (0, -10), (0, -5), (0, 0), (0, 5), (0, 10), (0, 15), (0, 20), (0, 25), (0, 30), (0, 35), (0, 40), (0, 45), (0, 50), (0, 55), (0, 60)]
2017-05-29 18:14:01, [(224, -60), (240, -55), (240, -50), (192, -45), (192, -40), (176, -35), (176, -30), (160, -25), (176, -20), (176, -15), (176, -10), (176, -5), (160, 0), (144, 5), (144, 10), (128, 15), (128, 20), (128, 25), (112, 30), (176, 35), (176, 40), (208, 45), (224, 50), (288, 55), (304, 60)]
2017-05-29 18:14:01, [(224, -60), (160, -55), (208, -50), (192, -45), (176, -40), (176, -35), (176, -30), (160, -25), (176, -20), (192, -15), (192, -10), (192, -5), (128, 0), (128, 5), (144, 10), (128, 15), (128, 20), (128, 25), (112, 30), (96, 35), (96, 40), (192, 45), (208, 50), (144, 55), (304, 60)]
2017-05-29 18:14:02, [(0, -60), (0, -55), (0, -50), (0, -45), (0, -40), (0, -35), (0, -30), (0, -25), (0, -20), (0, -15), (0, -10), (0, -5), (0, 0), (0, 5), (0, 10), (0, 15), (0, 20), (0, 25), (0, 30), (0, 35), (0, 40), (0, 45), (0, 50), (0, 55), (0, 60)]
2017-05-29 18:14:02, [(224, -60), (240, -55), (176, -50), (192, -45), (192, -40), (176, -35), (176, -30), (160, -25), (176, -20), (176, -15), (176, -10), (176, -5), (128, 0), (128, 5), (144, 10), (128, 15), (128, 20), (128, 25), (112, 30), (176, 35), (176, 40), (160, 45), (160, 50), (288, 55), (304, 60)]
2017-05-29 18:14:02, [(224, -60), (208, -55), (192, -50), (192, -45), (192, -40), (176, -35), (176, -30), (160, -25), (176, -20), (192, -15), (192, -10), (192, -5), (128, 0), (128, 5), (144, 10), (160, 15), (144, 20), (128, 25), (112, 30), (144, 35), (160, 40), (208, 45), (224, 50), (320, 55), (304, 60)]
2017-05-29 18:14:02, [(0, -60), (0, -55), (0, -50), (0, -45), (0, -40), (0, -35), (0, -30), (0, -25), (0, -20), (0, -15), (0, -10), (0, -5), (0, 0), (0, 5), (0, 10), (0, 15), (0, 20), (0, 25), (0, 30), (0, 35), (0, 40), (0, 45), (0, 50), (0, 55), (0, 60)]
2017-05-29 18:14:02, [(224, -60), (240, -55), (240, -50), (192, -45), (208, -40), (176, -35), (176, -30), (160, -25), (176, -20), (176, -15), (176, -10), (176, -5), (128, 0), (128, 5), (144, 10), (128, 15), (128, 20), (128, 25), (112, 30), (176, 35), (176, 40), (208, 45), (224, 50), (288, 55), (304, 60)]
2017-05-29 18:14:02, [(224, -60), (240, -55), (256, -50), (192, -45), (176, -40), (176, -35), (176, -30), (160, -25), (176, -20), (192, -15), (160, -10), (144, -5), (128, 0), (128, 5), (144, 10), (160, 15), (144, 20), (128, 25), (112, 30), (176, 35), (176, 40), (192, 45), (208, 50), (320, 55), (288, 60)]
2017-05-29 18:14:02, [(0, -60), (0, -55), (0, -50), (0, -45), (0, -40), (0, -35), (0, -30), (0, -25), (0, -20), (0, -15), (0, -10), (0, -5), (0, 0), (0, 5), (0, 10), (0, 15), (0, 20), (0, 25), (0, 30), (0, 35), (0, 40), (0, 45), (0, 50), (0, 55), (0, 60)]
2017-05-29 18:14:02, [(224, -60), (240, -55), (240, -50), (192, -45), (208, -40), (176, -35), (192, -30), (192, -25), (176, -20), (176, -15), (176, -10), (176, -5), (160, 0), (144, 5), (144, 10), (128, 15), (128, 20), (128, 25), (112, 30), (176, 35), (176, 40), (208, 45), (256, 50), (288, 55), (304, 60)]
2017-05-29 18:14:03, [(224, -60), (224, -55), (240, -50), (192, -45), (176, -40), (176, -35), (176, -30), (160, -25), (176, -20), (176, -15), (176, -10), (176, -5), (128, 0), (128, 5), (144, 10), (128, 15), (112, 20), (112, 25), (112, 30), (176, 35), (176, 40), (192, 45), (224, 50), (288, 55), (304, 60)]
2017-05-29 18:14:03, [(0, -60), (0, -55), (0, -50), (0, -45), (0, -40), (0, -35), (0, -30), (0, -25), (0, -20), (0, -15), (0, -10), (0, -5), (0, 0), (0, 5), (0, 10), (0, 15), (0, 20), (0, 25), (0, 30), (0, 35), (0, 40), (0, 45), (0, 50), (0, 55), (0, 60)]
2017-05-29 18:14:03, [(224, -60), (240, -55), (240, -50), (192, -45), (176, -40), (176, -35), (176, -30), (160, -25), (176, -20), (192, -15), (192, -10), (160, -5), (128, 0), (128, 5), (144, 10), (128, 15), (128, 20), (128, 25), (112, 30), (176, 35), (176, 40), (192, 45), (208, 50), (320, 55), (288, 60)]
2017-05-29 18:14:03, [(224, -60), (240, -55), (240, -50), (192, -45), (208, -40), (176, -35), (176, -30), (160, -25), (176, -20), (176, -15), (176, -10), (160, -5), (128, 0), (128, 5), (144, 10), (128, 15), (128, 20), (128, 25), (112, 30), (176, 35), (176, 40), (208, 45), (224, 50), (288, 55), (288, 60)]
2017-05-29 18:14:03, [(224, -60), (208, -55), (208, -50), (192, -45), (192, -40), (176, -35), (176, -30), (160, -25), (176, -20), (192, -15), (192, -10), (192, -5), (128, 0), (128, 5), (144, 10), (128, 15), (128, 20), (128, 25), (112, 30), (144, 35), (176, 40), (208, 45), (224, 50), (320, 55), (304, 60)]
2017-05-29 18:14:03, [(0, -60), (0, -55), (0, -50), (0, -45), (0, -40), (0, -35), (0, -30), (0, -25), (0, -20), (0, -15), (0, -10), (0, -5), (0, 0), (0, 5), (0, 10), (0, 15), (0, 20), (0, 25), (0, 30), (0, 35), (0, 40), (0, 45), (0, 50), (0, 55), (0, 60)]
2017-05-29 18:14:03, [(224, -60), (240, -55), (240, -50), (192, -45), (208, -40), (176, -35), (176, -30), (160, -25), (176, -20), (176, -15), (176, -10), (176, -5), (128, 0), (128, 5), (144, 10), (128, 15), (128, 20), (128, 25), (112, 30), (176, 35), (176, 40), (208, 45), (224, 50), (288, 55), (304, 60)]
2017-05-29 18:14:03, [(272, -60), (256, -55), (256, -50), (192, -45), (208, -40), (208, -35), (208, -30), (208, -25), (192, -20), (192, -15), (192, -10), (192, -5), (160, 0), (160, 5), (144, 10), (160, 15), (176, 20), (192, 25), (176, 30), (176, 35), (176, 40), (256, 45), (288, 50), (320, 55), (304, 60)]
2017-05-29 18:14:04, [(224, -60), (208, -55), (192, -50), (192, -45), (176, -40), (176, -35), (176, -30), (160, -25), (176, -20), (176, -15), (176, -10), (176, -5), (128, 0), (128, 5), (144, 10), (160, 15), (144, 20), (128, 25), (112, 30), (144, 35), (128, 40), (192, 45), (208, 50), (288, 55), (304, 60)]
2017-05-29 18:14:04, [(224, -60), (240, -55), (208, -50), (192, -45), (192, -40), (176, -35), (176, -30), (160, -25), (176, -20), (176, -15), (176, -10), (176, -5), (160, 0), (144, 5), (144, 10), (128, 15), (128, 20), (128, 25), (112, 30), (176, 35), (176, 40), (208, 45), (224, 50), (288, 55), (304, 60)]
2017-05-29 18:14:04, [(272, -60), (256, -55), (256, -50), (192, -45), (208, -40), (208, -35), (208, -30), (208, -25), (192, -20), (192, -15), (192, -10), (192, -5), (160, 0), (144, 5), (144, 10), (160, 15), (176, 20), (192, 25), (176, 30), (176, 35), (176, 40), (256, 45), (288, 50), (320, 55), (304, 60)]
2017-05-29 18:14:04, [(224, -60), (160, -55), (176, -50), (192, -45), (176, -40), (176, -35), (176, -30), (160, -25), (176, -20), (176, -15), (176, -10), (176, -5), (128, 0), (128, 5), (144, 10), (160, 15), (144, 20), (128, 25), (112, 30), (160, 35), (176, 40), (160, 45), (160, 50), (144, 55), (304, 60)]
2017-05-29 18:14:04, [(224, -60), (256, -55), (176, -50), (192, -45), (192, -40), (176, -35), (176, -30), (160, -25), (176, -20), (192, -15), (192, -10), (192, -5), (160, 0), (160, 5), (144, 10), (160, 15), (176, 20), (128, 25), (112, 30), (160, 35), (176, 40), (160, 45), (160, 50), (320, 55), (304, 60)]
2017-05-29 18:14:04, [(224, -60), (240, -55), (176, -50), (192, -45), (176, -40), (176, -35), (176, -30), (160, -25), (176, -20), (176, -15), (160, -10), (160, -5), (128, 0), (128, 5), (144, 10), (128, 15), (128, 20), (128, 25), (112, 30), (160, 35), (176, 40), (160, 45), (208, 50), (288, 55), (288, 60)]
2017-05-29 18:14:04, [(224, -60), (256, -55), (208, -50), (192, -45), (208, -40), (208, -35), (192, -30), (192, -25), (192, -20), (192, -15), (192, -10), (192, -5), (144, 0), (144, 5), (144, 10), (160, 15), (176, 20), (128, 25), (112, 30), (160, 35), (176, 40), (240, 45), (288, 50), (320, 55), (304, 60)]
2017-05-29 18:14:05, [(224, -60), (240, -55), (176, -50), (192, -45), (176, -40), (160, -35), (160, -30), (160, -25), (176, -20), (176, -15), (176, -10), (176, -5), (128, 0), (128, 5), (128, 10), (128, 15), (112, 20), (112, 25), (112, 30), (160, 35), (176, 40), (160, 45), (208, 50), (224, 55), (304, 60)]
2017-05-29 18:14:05, [(224, -60), (240, -55), (240, -50), (192, -45), (192, -40), (176, -35), (192, -30), (192, -25), (192, -20), (192, -15), (192, -10), (192, -5), (128, 0), (128, 5), (144, 10), (160, 15), (144, 20), (128, 25), (112, 30), (176, 35), (176, 40), (208, 45), (288, 50), (320, 55), (304, 60)]
2017-05-29 18:14:05, [(224, -60), (256, -55), (176, -50), (192, -45), (208, -40), (208, -35), (192, -30), (192, -25), (192, -20), (192, -15), (192, -10), (192, -5), (128, 0), (128, 5), (144, 10), (160, 15), (160, 20), (128, 25), (112, 30), (176, 35), (176, 40), (160, 45), (288, 50), (320, 55), (304, 60)]
2017-05-29 18:14:05, [(224, -60), (256, -55), (240, -50), (192, -45), (208, -40), (208, -35), (208, -30), (208, -25), (192, -20), (192, -15), (192, -10), (192, -5), (160, 0), (144, 5), (144, 10), (160, 15), (176, 20), (128, 25), (112, 30), (176, 35), (176, 40), (256, 45), (288, 50), (320, 55), (304, 60)]
2017-05-29 18:14:05, [(224, -60), (240, -55), (240, -50), (192, -45), (176, -40), (176, -35), (176, -30), (160, -25), (192, -20), (192, -15), (192, -10), (192, -5), (160, 0), (160, 5), (144, 10), (160, 15), (144, 20), (128, 25), (112, 30), (176, 35), (176, 40), (192, 45), (208, 50), (320, 55), (304, 60)]
2017-05-29 18:14:05, [(224, -60), (240, -55), (176, -50), (192, -45), (192, -40), (176, -35), (192, -30), (192, -25), (192, -20), (176, -15), (176, -10), (176, -5), (160, 0), (160, 5), (144, 10), (128, 15), (128, 20), (128, 25), (112, 30), (176, 35), (176, 40), (160, 45), (272, 50), (80, 55), (80, 60)]
2017-05-29 18:14:05, [(160, -60), (240, -55), (240, -50), (192, -45), (208, -40), (208, -35), (208, -30), (208, -25), (192, -20), (192, -15), (192, -10), (192, -5), (128, 0), (128, 5), (144, 10), (176, 15), (144, 20), (128, 25), (112, 30), (176, 35), (176, 40), (256, 45), (288, 50), (320, 55), (144, 60)]
2017-05-29 18:14:05, [(224, -60), (256, -55), (256, -50), (192, -45), (192, -40), (176, -35), (176, -30), (160, -25), (176, -20), (192, -15), (192, -10), (192, -5), (128, 0), (128, 5), (144, 10), (160, 15), (176, 20), (128, 25), (112, 30), (176, 35), (176, 40), (208, 45), (224, 50), (320, 55), (304, 60)]
2017-05-29 18:14:06, [(224, -60), (240, -55), (256, -50), (192, -45), (192, -40), (176, -35), (176, -30), (160, -25), (176, -20), (176, -15), (176, -10), (176, -5), (160, 0), (160, 5), (144, 10), (128, 15), (128, 20), (128, 25), (112, 30), (176, 35), (176, 40), (208, 45), (224, 50), (288, 55), (304, 60)]
2017-05-29 18:14:06, [(224, -60), (240, -55), (240, -50), (192, -45), (192, -40), (176, -35), (176, -30), (160, -25), (176, -20), (176, -15), (176, -10), (176, -5), (128, 0), (128, 5), (144, 10), (128, 15), (128, 20), (128, 25), (112, 30), (176, 35), (176, 40), (208, 45), (224, 50), (288, 55), (304, 60)]
2017-05-29 18:14:06, [(224, -60), (240, -55), (240, -50), (192, -45), (192, -40), (176, -35), (176, -30), (160, -25), (176, -20), (176, -15), (176, -10), (176, -5), (128, 0), (128, 5), (144, 10), (128, 15), (128, 20), (128, 25), (112, 30), (176, 35), (176, 40), (208, 45), (224, 50), (288, 55), (304, 60)]
2017-05-29 18:14:06, [(224, -60), (240, -55), (176, -50), (192, -45), (192, -40), (176, -35), (176, -30), (160, -25), (176, -20), (176, -15), (176, -10), (176, -5), (128, 0), (128, 5), (144, 10), (128, 15), (128, 20), (128, 25), (112, 30), (176, 35), (176, 40), (160, 45), (160, 50), (288, 55), (304, 60)]
2017-05-29 18:14:06, [(224, -60), (240, -55), (240, -50), (192, -45), (208, -40), (176, -35), (176, -30), (160, -25), (176, -20), (176, -15), (160, -10), (160, -5), (128, 0), (128, 5), (144, 10), (128, 15), (128, 20), (128, 25), (112, 30), (176, 35), (176, 40), (208, 45), (224, 50), (288, 55), (288, 60)]
2017-05-29 18:14:06, [(224, -60), (240, -55), (240, -50), (192, -45), (192, -40), (176, -35), (176, -30), (160, -25), (176, -20), (176, -15), (176, -10), (160, -5), (128, 0), (128, 5), (144, 10), (128, 15), (128, 20), (128, 25), (112, 30), (176, 35), (176, 40), (208, 45), (224, 50), (288, 55), (288, 60)]
2017-05-29 18:14:06, [(160, -60), (240, -55), (176, -50), (192, -45), (208, -40), (176, -35), (192, -30), (192, -25), (192, -20), (160, -15), (144, -10), (128, -5), (128, 0), (128, 5), (144, 10), (128, 15), (128, 20), (128, 25), (112, 30), (176, 35), (176, 40), (160, 45), (288, 50), (256, 55), (144, 60)]
2017-05-29 18:14:06, [(224, -60), (288, -55), (256, -50), (192, -45), (208, -40), (224, -35), (192, -30), (192, -25), (192, -20), (176, -15), (160, -10), (160, -5), (128, 0), (128, 5), (144, 10), (176, 15), (160, 20), (128, 25), (112, 30), (176, 35), (176, 40), (240, 45), (272, 50), (288, 55), (288, 60)]
2017-05-29 18:14:07, [(224, -60), (240, -55), (240, -50), (192, -45), (192, -40), (176, -35), (176, -30), (160, -25), (176, -20), (176, -15), (176, -10), (176, -5), (128, 0), (128, 5), (128, 10), (128, 15), (112, 20), (112, 25), (112, 30), (176, 35), (176, 40), (208, 45), (224, 50), (288, 55), (304, 60)]
2017-05-29 18:14:07, [(224, -60), (240, -55), (176, -50), (192, -45), (192, -40), (176, -35), (176, -30), (160, -25), (176, -20), (176, -15), (160, -10), (160, -5), (128, 0), (128, 5), (144, 10), (128, 15), (128, 20), (128, 25), (112, 30), (160, 35), (176, 40), (160, 45), (160, 50), (288, 55), (288, 60)]
2017-05-29 18:14:07, [(224, -60), (240, -55), (208, -50), (192, -45), (208, -40), (176, -35), (176, -30), (160, -25), (176, -20), (160, -15), (144, -10), (128, -5), (128, 0), (128, 5), (144, 10), (128, 15), (128, 20), (128, 25), (112, 30), (160, 35), (176, 40), (208, 45), (224, 50), (256, 55), (272, 60)]
2017-05-29 18:14:07, [(224, -60), (320, -55), (256, -50), (192, -45), (208, -40), (208, -35), (192, -30), (192, -25), (192, -20), (192, -15), (192, -10), (192, -5), (128, 0), (128, 5), (144, 10), (176, 15), (160, 20), (128, 25), (112, 30), (96, 35), (96, 40), (240, 45), (288, 50), (320, 55), (304, 60)]
2017-05-29 18:14:07, [(224, -60), (240, -55), (240, -50), (208, -45), (192, -40), (176, -35), (176, -30), (160, -25), (176, -20), (176, -15), (176, -10), (176, -5), (128, 0), (128, 5), (144, 10), (160, 15), (144, 20), (128, 25), (112, 30), (176, 35), (192, 40), (208, 45), (224, 50), (288, 55), (304, 60)]
2017-05-29 18:14:07, [(224, -60), (240, -55), (208, -50), (192, -45), (192, -40), (176, -35), (176, -30), (160, -25), (176, -20), (176, -15), (176, -10), (176, -5), (128, 0), (128, 5), (128, 10), (128, 15), (96, 20), (96, 25), (96, 30), (96, 35), (96, 40), (208, 45), (224, 50), (288, 55), (304, 60)]
2017-05-29 18:14:07, [(224, -60), (208, -55), (176, -50), (192, -45), (176, -40), (176, -35), (176, -30), (160, -25), (176, -20), (176, -15), (160, -10), (160, -5), (128, 0), (128, 5), (144, 10), (128, 15), (128, 20), (128, 25), (112, 30), (96, 35), (96, 40), (160, 45), (208, 50), (288, 55), (288, 60)]
2017-05-29 18:14:07, [(224, -60), (208, -55), (176, -50), (192, -45), (192, -40), (176, -35), (176, -30), (192, -25), (176, -20), (176, -15), (160, -10), (160, -5), (128, 0), (128, 5), (144, 10), (160, 15), (160, 20), (128, 25), (112, 30), (144, 35), (160, 40), (160, 45), (224, 50), (288, 55), (288, 60)]
2017-05-29 18:14:08, [(224, -60), (160, -55), (208, -50), (192, -45), (192, -40), (176, -35), (176, -30), (192, -25), (176, -20), (176, -15), (176, -10), (176, -5), (128, 0), (128, 5), (144, 10), (160, 15), (160, 20), (128, 25), (112, 30), (176, 35), (176, 40), (208, 45), (160, 50), (144, 55), (304, 60)]
2017-05-29 18:14:08, [(224, -60), (240, -55), (208, -50), (192, -45), (192, -40), (176, -35), (176, -30), (192, -25), (176, -20), (176, -15), (176, -10), (176, -5), (128, 0), (128, 5), (144, 10), (128, 15), (128, 20), (128, 25), (112, 30), (176, 35), (176, 40), (208, 45), (224, 50), (288, 55), (304, 60)]
2017-05-29 18:14:08, [(224, -60), (256, -55), (208, -50), (192, -45), (192, -40), (176, -35), (176, -30), (192, -25), (176, -20), (176, -15), (176, -10), (176, -5), (128, 0), (128, 5), (144, 10), (160, 15), (160, 20), (128, 25), (112, 30), (176, 35), (176, 40), (208, 45), (224, 50), (288, 55), (304, 60)]
2017-05-29 18:14:08, [(224, -60), (240, -55), (176, -50), (192, -45), (176, -40), (160, -35), (176, -30), (160, -25), (176, -20), (176, -15), (176, -10), (176, -5), (128, 0), (128, 5), (144, 10), (128, 15), (96, 20), (96, 25), (96, 30), (96, 35), (96, 40), (160, 45), (208, 50), (288, 55), (304, 60)]
2017-05-29 18:14:08, [(224, -60), (160, -55), (176, -50), (160, -45), (160, -40), (160, -35), (176, -30), (160, -25), (176, -20), (176, -15), (176, -10), (160, -5), (128, 0), (128, 5), (128, 10), (128, 15), (96, 20), (96, 25), (96, 30), (96, 35), (96, 40), (160, 45), (176, 50), (144, 55), (288, 60)]
2017-05-29 18:14:08, [(224, -60), (240, -55), (208, -50), (160, -45), (176, -40), (176, -35), (176, -30), (160, -25), (176, -20), (176, -15), (176, -10), (176, -5), (128, 0), (144, 5), (128, 10), (128, 15), (112, 20), (112, 25), (112, 30), (160, 35), (176, 40), (192, 45), (176, 50), (288, 55), (304, 60)]
2017-05-29 18:14:08, [(224, -60), (224, -55), (176, -50), (192, -45), (176, -40), (160, -35), (176, -30), (160, -25), (176, -20), (176, -15), (176, -10), (176, -5), (128, 0), (128, 5), (144, 10), (128, 15), (128, 20), (128, 25), (112, 30), (160, 35), (160, 40), (160, 45), (208, 50), (288, 55), (304, 60)]
2017-05-29 18:14:09, [(224, -60), (224, -55), (176, -50), (192, -45), (176, -40), (160, -35), (176, -30), (160, -25), (176, -20), (176, -15), (176, -10), (176, -5), (128, 0), (128, 5), (128, 10), (128, 15), (96, 20), (96, 25), (96, 30), (96, 35), (96, 40), (160, 45), (208, 50), (288, 55), (304, 60)]
2017-05-29 18:14:09, [(208, -60), (224, -55), (176, -50), (160, -45), (176, -40), (160, -35), (176, -30), (160, -25), (160, -20), (160, -15), (160, -10), (160, -5), (128, 0), (128, 5), (144, 10), (128, 15), (96, 20), (96, 25), (96, 30), (96, 35), (96, 40), (112, 45), (176, 50), (256, 55), (288, 60)]
2017-05-29 18:14:09, [(224, -60), (208, -55), (176, -50), (192, -45), (176, -40), (160, -35), (176, -30), (160, -25), (176, -20), (176, -15), (176, -10), (176, -5), (128, 0), (128, 5), (144, 10), (160, 15), (160, 20), (128, 25), (112, 30), (144, 35), (160, 40), (160, 45), (208, 50), (288, 55), (304, 60)]
2017-05-29 18:14:09, [(224, -60), (256, -55), (176, -50), (192, -45), (176, -40), (160, -35), (176, -30), (160, -25), (176, -20), (176, -15), (176, -10), (176, -5), (128, 0), (144, 5), (144, 10), (160, 15), (160, 20), (128, 25), (112, 30), (96, 35), (96, 40), (160, 45), (208, 50), (288, 55), (304, 60)]
2017-05-29 18:14:09, [(224, -60), (208, -55), (176, -50), (160, -45), (176, -40), (160, -35), (176, -30), (160, -25), (160, -20), (160, -15), (160, -10), (160, -5), (176, 0), (176, 5), (144, 10), (160, 15), (160, 20), (128, 25), (112, 30), (144, 35), (160, 40), (160, 45), (160, 50), (256, 55), (288, 60)]
2017-05-29 18:14:09, [(224, -60), (208, -55), (176, -50), (160, -45), (176, -40), (160, -35), (176, -30), (160, -25), (160, -20), (160, -15), (160, -10), (160, -5), (176, 0), (176, 5), (176, 10), (160, 15), (160, 20), (128, 25), (112, 30), (144, 35), (160, 40), (160, 45), (176, 50), (256, 55), (288, 60)]
2017-05-29 18:14:09, [(224, -60), (176, -55), (176, -50), (192, -45), (176, -40), (160, -35), (160, -30), (160, -25), (160, -20), (160, -15), (160, -10), (160, -5), (176, 0), (176, 5), (176, 10), (144, 15), (144, 20), (128, 25), (112, 30), (144, 35), (160, 40), (144, 45), (160, 50), (224, 55), (288, 60)]
2017-05-29 18:14:09, [(224, -60), (176, -55), (176, -50), (160, -45), (160, -40), (144, -35), (160, -30), (144, -25), (144, -20), (144, -15), (144, -10), (128, -5), (176, 0), (176, 5), (176, 10), (144, 15), (144, 20), (128, 25), (112, 30), (144, 35), (128, 40), (144, 45), (160, 50), (192, 55), (256, 60)]
2017-05-29 18:14:10, [(224, -60), (176, -55), (160, -50), (160, -45), (160, -40), (144, -35), (160, -30), (144, -25), (144, -20), (144, -15), (144, -10), (128, -5), (176, 0), (176, 5), (160, 10), (144, 15), (144, 20), (144, 25), (112, 30), (144, 35), (128, 40), (144, 45), (160, 50), (192, 55), (256, 60)]
2017-05-29 18:14:10, [(224, -60), (160, -55), (176, -50), (160, -45), (160, -40), (160, -35), (176, -30), (192, -25), (176, -20), (176, -15), (176, -10), (192, -5), (160, 0), (144, 5), (160, 10), (144, 15), (144, 20), (128, 25), (112, 30), (144, 35), (128, 40), (144, 45), (160, 50), (144, 55), (304, 60)]
2017-05-29 18:14:10, [(368, -60), (160, -55), (176, -50), (192, -45), (192, -40), (176, -35), (176, -30), (192, -25), (192, -20), (192, -15), (192, -10), (192, -5), (160, 0), (144, 5), (160, 10), (160, 15), (160, 20), (160, 25), (144, 30), (144, 35), (128, 40), (144, 45), (160, 50), (144, 55), (304, 60)]
2017-05-29 18:14:10, [(160, -60), (160, -55), (176, -50), (160, -45), (160, -40), (160, -35), (176, -30), (160, -25), (160, -20), (160, -15), (160, -10), (144, -5), (128, 0), (128, 5), (144, 10), (160, 15), (144, 20), (144, 25), (144, 30), (128, 35), (128, 40), (128, 45), (128, 50), (128, 55), (128, 60)]
2017-05-29 18:14:10, [(160, -60), (160, -55), (176, -50), (192, -45), (160, -40), (160, -35), (176, -30), (160, -25), (160, -20), (160, -15), (160, -10), (160, -5), (128, 0), (128, 5), (144, 10), (128, 15), (128, 20), (128, 25), (112, 30), (112, 35), (112, 40), (112, 45), (112, 50), (112, 55), (128, 60)]
2017-05-29 18:14:10, [(240, -60), (240, -55), (240, -50), (192, -45), (192, -40), (176, -35), (192, -30), (160, -25), (160, -20), (160, -15), (160, -10), (160, -5), (128, 0), (128, 5), (144, 10), (144, 15), (144, 20), (128, 25), (176, 30), (176, 35), (176, 40), (208, 45), (240, 50), (256, 55), (288, 60)]
2017-05-29 18:14:10, [(224, -60), (224, -55), (128, -50), (144, -45), (160, -40), (176, -35), (176, -30), (160, -25), (160, -20), (160, -15), (160, -10), (160, -5), (128, 0), (128, 5), (144, 10), (128, 15), (128, 20), (128, 25), (112, 30), (160, 35), (176, 40), (192, 45), (176, 50), (176, 55), (176, 60)]
2017-05-29 18:14:11, [(224, -60), (224, -55), (208, -50), (192, -45), (176, -40), (176, -35), (192, -30), (160, -25), (160, -20), (160, -15), (160, -10), (160, -5), (128, 0), (128, 5), (144, 10), (144, 15), (144, 20), (128, 25), (112, 30), (160, 35), (176, 40), (192, 45), (240, 50), (256, 55), (288, 60)]
2017-05-29 18:14:11, [(224, -60), (240, -55), (176, -50), (192, -45), (176, -40), (176, -35), (160, -30), (144, -25), (144, -20), (144, -15), (144, -10), (128, -5), (128, 0), (128, 5), (144, 10), (144, 15), (144, 20), (128, 25), (112, 30), (160, 35), (176, 40), (160, 45), (208, 50), (224, 55), (256, 60)]
2017-05-29 18:14:11, [(224, -60), (208, -55), (176, -50), (160, -45), (176, -40), (160, -35), (160, -30), (144, -25), (144, -20), (144, -15), (144, -10), (128, -5), (128, 0), (128, 5), (144, 10), (128, 15), (128, 20), (128, 25), (112, 30), (144, 35), (160, 40), (160, 45), (176, 50), (224, 55), (256, 60)]
2017-05-29 18:14:11, [(224, -60), (208, -55), (176, -50), (160, -45), (176, -40), (160, -35), (160, -30), (144, -25), (144, -20), (144, -15), (144, -10), (144, -5), (144, 0), (144, 5), (144, 10), (128, 15), (128, 20), (128, 25), (112, 30), (144, 35), (160, 40), (160, 45), (176, 50), (224, 55), (256, 60)]
2017-05-29 18:14:11, [(224, -60), (208, -55), (176, -50), (192, -45), (176, -40), (160, -35), (160, -30), (144, -25), (144, -20), (144, -15), (144, -10), (144, -5), (144, 0), (144, 5), (144, 10), (128, 15), (128, 20), (128, 25), (112, 30), (144, 35), (160, 40), (160, 45), (208, 50), (224, 55), (256, 60)]
2017-05-29 18:14:11, [(240, -60), (176, -55), (160, -50), (160, -45), (176, -40), (208, -35), (176, -30), (160, -25), (160, -20), (160, -15), (144, -10), (128, -5), (128, 0), (128, 5), (144, 10), (128, 15), (128, 20), (128, 25), (144, 30), (144, 35), (160, 40), (144, 45), (160, 50), (256, 55), (272, 60)]
2017-05-29 18:14:11, [(240, -60), (208, -55), (176, -50), (160, -45), (176, -40), (176, -35), (192, -30), (192, -25), (160, -20), (160, -15), (160, -10), (160, -5), (128, 0), (128, 5), (144, 10), (144, 15), (144, 20), (128, 25), (144, 30), (144, 35), (160, 40), (160, 45), (160, 50), (256, 55), (288, 60)]
2017-05-29 18:14:11, [(272, -60), (208, -55), (176, -50), (160, -45), (176, -40), (144, -35), (144, -30), (160, -25), (160, -20), (176, -15), (176, -10), (176, -5), (128, 0), (128, 5), (144, 10), (160, 15), (144, 20), (144, 25), (160, 30), (144, 35), (160, 40), (160, 45), (160, 50), (208, 55), (304, 60)]
2017-05-29 18:14:12, [(224, -60), (256, -55), (160, -50), (160, -45), (192, -40), (176, -35), (160, -30), (128, -25), (128, -20), (128, -15), (128, -10), (128, -5), (128, 0), (128, 5), (144, 10), (160, 15), (160, 20), (128, 25), (112, 30), (160, 35), (160, 40), (160, 45), (176, 50), (224, 55), (224, 60)]
2017-05-29 18:14:12, [(272, -60), (288, -55), (176, -50), (160, -45), (176, -40), (208, -35), (176, -30), (160, -25), (192, -20), (160, -15), (144, -10), (128, -5), (128, 0), (128, 5), (144, 10), (176, 15), (160, 20), (160, 25), (176, 30), (160, 35), (176, 40), (160, 45), (176, 50), (256, 55), (272, 60)]
2017-05-29 18:14:12, [(272, -60), (288, -55), (176, -50), (192, -45), (176, -40), (144, -35), (176, -30), (192, -25), (176, -20), (192, -15), (192, -10), (160, -5), (128, 0), (144, 5), (144, 10), (192, 15), (160, 20), (160, 25), (176, 30), (192, 35), (192, 40), (160, 45), (208, 50), (208, 55), (288, 60)]
2017-05-29 18:14:12, [(272, -60), (288, -55), (256, -50), (192, -45), (208, -40), (208, -35), (208, -30), (208, -25), (192, -20), (160, -15), (160, -10), (176, -5), (160, 0), (144, 5), (144, 10), (208, 15), (160, 20), (192, 25), (192, 30), (192, 35), (176, 40), (256, 45), (272, 50), (256, 55), (304, 60)]
2017-05-29 18:14:12, [(224, -60), (240, -55), (176, -50), (192, -45), (192, -40), (208, -35), (192, -30), (192, -25), (192, -20), (192, -15), (176, -10), (176, -5), (160, 0), (144, 5), (144, 10), (128, 15), (128, 20), (128, 25), (112, 30), (176, 35), (176, 40), (160, 45), (160, 50), (288, 55), (304, 60)]
2017-05-29 18:14:12, [(288, -60), (304, -55), (256, -50), (192, -45), (192, -40), (208, -35), (208, -30), (208, -25), (208, -20), (176, -15), (176, -10), (192, -5), (144, 0), (128, 5), (160, 10), (192, 15), (160, 20), (192, 25), (192, 30), (192, 35), (176, 40), (272, 45), (272, 50), (288, 55), (352, 60)]
2017-05-29 18:14:12, [(224, -60), (240, -55), (256, -50), (192, -45), (192, -40), (208, -35), (160, -30), (144, -25), (144, -20), (176, -15), (176, -10), (192, -5), (144, 0), (128, 5), (128, 10), (128, 15), (128, 20), (128, 25), (112, 30), (192, 35), (176, 40), (240, 45), (224, 50), (224, 55), (304, 60)]
2017-05-29 18:14:12, [(304, -60), (304, -55), (176, -50), (192, -45), (176, -40), (208, -35), (160, -30), (160, -25), (160, -20), (192, -15), (176, -10), (160, -5), (176, 0), (192, 5), (192, 10), (192, 15), (192, 20), (160, 25), (192, 30), (192, 35), (176, 40), (160, 45), (160, 50), (224, 55), (288, 60)]
2017-05-29 18:14:13, [(240, -60), (240, -55), (256, -50), (192, -45), (192, -40), (208, -35), (176, -30), (160, -25), (192, -20), (176, -15), (160, -10), (176, -5), (128, 0), (128, 5), (144, 10), (144, 15), (144, 20), (128, 25), (192, 30), (192, 35), (176, 40), (240, 45), (224, 50), (288, 55), (304, 60)]
2017-05-29 18:14:13, [(160, -60), (240, -55), (256, -50), (192, -45), (208, -40), (208, -35), (144, -30), (128, -25), (144, -20), (160, -15), (160, -10), (176, -5), (144, 0), (128, 5), (128, 10), (128, 15), (112, 20), (112, 25), (112, 30), (192, 35), (176, 40), (256, 45), (240, 50), (224, 55), (144, 60)]
2017-05-29 18:14:13, [(224, -60), (240, -55), (256, -50), (192, -45), (192, -40), (160, -35), (176, -30), (192, -25), (176, -20), (176, -15), (176, -10), (176, -5), (128, 0), (128, 5), (128, 10), (128, 15), (112, 20), (112, 25), (112, 30), (192, 35), (176, 40), (208, 45), (224, 50), (288, 55), (304, 60)]
2017-05-29 18:14:13, [(368, -60), (304, -55), (288, -50), (192, -45), (192, -40), (208, -35), (208, -30), (160, -25), (192, -20), (192, -15), (176, -10), (192, -5), (176, 0), (208, 5), (192, 10), (192, 15), (192, 20), (192, 25), (192, 30), (192, 35), (176, 40), (256, 45), (240, 50), (288, 55), (352, 60)]
2017-05-29 18:14:13, [(224, -60), (240, -55), (256, -50), (192, -45), (208, -40), (208, -35), (208, -30), (208, -25), (192, -20), (160, -15), (160, -10), (176, -5), (144, 0), (128, 5), (128, 10), (128, 15), (128, 20), (128, 25), (112, 30), (192, 35), (176, 40), (256, 45), (272, 50), (256, 55), (304, 60)]
2017-05-29 18:14:13, [(224, -60), (240, -55), (256, -50), (192, -45), (192, -40), (208, -35), (208, -30), (208, -25), (176, -20), (176, -15), (176, -10), (176, -5), (144, 0), (128, 5), (144, 10), (128, 15), (128, 20), (128, 25), (112, 30), (192, 35), (176, 40), (256, 45), (256, 50), (288, 55), (304, 60)]
2017-05-29 18:14:13, [(240, -60), (240, -55), (240, -50), (192, -45), (208, -40), (208, -35), (208, -30), (208, -25), (192, -20), (176, -15), (176, -10), (176, -5), (160, 0), (144, 5), (144, 10), (144, 15), (144, 20), (128, 25), (192, 30), (192, 35), (176, 40), (256, 45), (272, 50), (288, 55), (304, 60)]
2017-05-29 18:14:13, [(224, -60), (240, -55), (240, -50), (192, -45), (208, -40), (208, -35), (208, -30), (160, -25), (192, -20), (176, -15), (176, -10), (176, -5), (160, 0), (144, 5), (144, 10), (128, 15), (128, 20), (128, 25), (112, 30), (192, 35), (176, 40), (256, 45), (240, 50), (288, 55), (304, 60)]
2017-05-29 18:14:14, [(304, -60), (304, -55), (288, -50), (192, -45), (192, -40), (208, -35), (208, -30), (208, -25), (176, -20), (160, -15), (160, -10), (160, -5), (176, 0), (208, 5), (192, 10), (192, 15), (192, 20), (192, 25), (192, 30), (192, 35), (176, 40), (256, 45), (256, 50), (256, 55), (288, 60)]
2017-05-29 18:14:14, [(224, -60), (240, -55), (256, -50), (208, -45), (192, -40), (160, -35), (144, -30), (128, -25), (144, -20), (176, -15), (160, -10), (176, -5), (144, 0), (128, 5), (128, 10), (128, 15), (112, 20), (112, 25), (112, 30), (192, 35), (192, 40), (240, 45), (224, 50), (224, 55), (224, 60)]
2017-05-29 18:14:14, [(288, -60), (288, -55), (176, -50), (192, -45), (192, -40), (208, -35), (192, -30), (160, -25), (192, -20), (192, -15), (176, -10), (176, -5), (144, 0), (128, 5), (160, 10), (176, 15), (176, 20), (192, 25), (192, 30), (192, 35), (176, 40), (160, 45), (240, 50), (288, 55), (320, 60)]
2017-05-29 18:14:14, [(224, -60), (240, -55), (256, -50), (192, -45), (208, -40), (208, -35), (208, -30), (208, -25), (192, -20), (160, -15), (160, -10), (176, -5), (128, 0), (128, 5), (128, 10), (128, 15), (112, 20), (112, 25), (112, 30), (192, 35), (176, 40), (256, 45), (288, 50), (256, 55), (304, 60)]
2017-05-29 18:14:14, [(224, -60), (240, -55), (256, -50), (208, -45), (192, -40), (208, -35), (192, -30), (192, -25), (192, -20), (192, -15), (176, -10), (176, -5), (144, 0), (128, 5), (144, 10), (128, 15), (128, 20), (128, 25), (112, 30), (192, 35), (192, 40), (240, 45), (288, 50), (288, 55), (304, 60)]
2017-05-29 18:14:14, [(288, -60), (304, -55), (288, -50), (192, -45), (208, -40), (208, -35), (208, -30), (208, -25), (192, -20), (192, -15), (176, -10), (176, -5), (128, 0), (128, 5), (192, 10), (192, 15), (192, 20), (192, 25), (192, 30), (176, 35), (176, 40), (256, 45), (288, 50), (288, 55), (352, 60)]
2017-05-29 18:14:14, [(288, -60), (320, -55), (256, -50), (192, -45), (192, -40), (208, -35), (192, -30), (192, -25), (176, -20), (160, -15), (160, -10), (176, -5), (128, 0), (128, 5), (160, 10), (176, 15), (176, 20), (192, 25), (192, 30), (192, 35), (176, 40), (240, 45), (256, 50), (256, 55), (336, 60)]
2017-05-29 18:14:15, [(288, -60), (320, -55), (288, -50), (192, -45), (192, -40), (208, -35), (192, -30), (192, -25), (192, -20), (176, -15), (176, -10), (176, -5), (144, 0), (128, 5), (192, 10), (192, 15), (192, 20), (192, 25), (192, 30), (176, 35), (176, 40), (240, 45), (272, 50), (288, 55), (352, 60)]
2017-05-29 18:14:15, [(288, -60), (288, -55), (256, -50), (192, -45), (176, -40), (160, -35), (176, -30), (192, -25), (192, -20), (176, -15), (160, -10), (176, -5), (128, 0), (128, 5), (160, 10), (176, 15), (176, 20), (192, 25), (192, 30), (176, 35), (176, 40), (192, 45), (224, 50), (288, 55), (320, 60)]
2017-05-29 18:14:15, [(288, -60), (288, -55), (256, -50), (208, -45), (176, -40), (208, -35), (192, -30), (192, -25), (192, -20), (176, -15), (160, -10), (176, -5), (144, 0), (128, 5), (160, 10), (176, 15), (176, 20), (192, 25), (192, 30), (176, 35), (192, 40), (192, 45), (272, 50), (288, 55), (320, 60)]
2017-05-29 18:14:15, [(320, -60), (320, -55), (304, -50), (192, -45), (192, -40), (176, -35), (192, -30), (192, -25), (192, -20), (176, -15), (160, -10), (176, -5), (176, 0), (208, 5), (224, 10), (192, 15), (192, 20), (208, 25), (192, 30), (176, 35), (176, 40), (208, 45), (288, 50), (288, 55), (368, 60)]
2017-05-29 18:14:15, [(320, -60), (320, -55), (304, -50), (208, -45), (208, -40), (208, -35), (208, -30), (208, -25), (192, -20), (176, -15), (160, -10), (176, -5), (176, 0), (208, 5), (208, 10), (208, 15), (208, 20), (192, 25), (192, 30), (176, 35), (192, 40), (256, 45), (272, 50), (288, 55), (384, 60)]
2017-05-29 18:14:15, [(368, -60), (288, -55), (256, -50), (192, -45), (176, -40), (176, -35), (192, -30), (192, -25), (192, -20), (192, -15), (176, -10), (192, -5), (160, 0), (144, 5), (160, 10), (176, 15), (176, 20), (192, 25), (192, 30), (176, 35), (176, 40), (192, 45), (288, 50), (288, 55), (304, 60)]
2017-05-29 18:14:15, [(368, -60), (288, -55), (256, -50), (192, -45), (208, -40), (176, -35), (176, -30), (192, -25), (192, -20), (192, -15), (176, -10), (192, -5), (160, 0), (144, 5), (160, 10), (176, 15), (176, 20), (192, 25), (192, 30), (176, 35), (176, 40), (208, 45), (224, 50), (288, 55), (304, 60)]
2017-05-29 18:14:15, [(240, -60), (304, -55), (304, -50), (192, -45), (192, -40), (176, -35), (192, -30), (192, -25), (192, -20), (176, -15), (176, -10), (176, -5), (176, 0), (208, 5), (160, 10), (192, 15), (192, 20), (128, 25), (192, 30), (176, 35), (176, 40), (208, 45), (288, 50), (288, 55), (368, 60)]
2017-05-29 18:14:16, [(224, -60), (208, -55), (208, -50), (192, -45), (176, -40), (176, -35), (192, -30), (192, -25), (192, -20), (176, -15), (160, -10), (176, -5), (144, 0), (128, 5), (144, 10), (128, 15), (128, 20), (128, 25), (112, 30), (144, 35), (176, 40), (192, 45), (288, 50), (288, 55), (304, 60)]
2017-05-29 18:14:16, [(224, -60), (240, -55), (240, -50), (192, -45), (208, -40), (176, -35), (192, -30), (192, -25), (176, -20), (192, -15), (176, -10), (176, -5), (128, 0), (128, 5), (144, 10), (128, 15), (128, 20), (128, 25), (112, 30), (176, 35), (176, 40), (208, 45), (256, 50), (288, 55), (304, 60)]
2017-05-29 18:14:16, [(224, -60), (304, -55), (304, -50), (192, -45), (176, -40), (176, -35), (192, -30), (192, -25), (192, -20), (176, -15), (160, -10), (176, -5), (176, 0), (208, 5), (160, 10), (192, 15), (192, 20), (128, 25), (112, 30), (176, 35), (176, 40), (192, 45), (288, 50), (288, 55), (368, 60)]
2017-05-29 18:14:16, [(224, -60), (240, -55), (256, -50), (192, -45), (176, -40), (176, -35), (144, -30), (128, -25), (144, -20), (192, -15), (176, -10), (176, -5), (128, 0), (128, 5), (144, 10), (128, 15), (128, 20), (128, 25), (112, 30), (176, 35), (176, 40), (192, 45), (208, 50), (224, 55), (224, 60)]
2017-05-29 18:14:16, [(240, -60), (240, -55), (256, -50), (192, -45), (192, -40), (176, -35), (144, -30), (128, -25), (144, -20), (176, -15), (160, -10), (176, -5), (128, 0), (128, 5), (144, 10), (144, 15), (144, 20), (128, 25), (192, 30), (176, 35), (176, 40), (208, 45), (240, 50), (224, 55), (224, 60)]
2017-05-29 18:14:16, [(288, -60), (288, -55), (240, -50), (208, -45), (192, -40), (176, -35), (192, -30), (192, -25), (192, -20), (176, -15), (176, -10), (176, -5), (128, 0), (128, 5), (160, 10), (176, 15), (176, 20), (160, 25), (176, 30), (176, 35), (192, 40), (208, 45), (288, 50), (288, 55), (320, 60)]
2017-05-29 18:14:16, [(304, -60), (304, -55), (304, -50), (192, -45), (176, -40), (176, -35), (192, -30), (192, -25), (192, -20), (176, -15), (160, -10), (144, -5), (176, 0), (208, 5), (160, 10), (208, 15), (208, 20), (192, 25), (192, 30), (176, 35), (176, 40), (192, 45), (288, 50), (288, 55), (288, 60)]
2017-05-29 18:14:16, [(304, -60), (304, -55), (304, -50), (192, -45), (176, -40), (176, -35), (192, -30), (192, -25), (192, -20), (176, -15), (160, -10), (144, -5), (176, 0), (208, 5), (208, 10), (192, 15), (192, 20), (192, 25), (192, 30), (176, 35), (176, 40), (192, 45), (288, 50), (288, 55), (288, 60)]
2017-05-29 18:14:17, [(224, -60), (224, -55), (208, -50), (192, -45), (192, -40), (176, -35), (144, -30), (128, -25), (144, -20), (176, -15), (160, -10), (176, -5), (128, 0), (128, 5), (144, 10), (128, 15), (128, 20), (128, 25), (112, 30), (160, 35), (176, 40), (208, 45), (240, 50), (224, 55), (224, 60)]
2017-05-29 18:14:17, [(368, -60), (304, -55), (176, -50), (208, -45), (208, -40), (208, -35), (192, -30), (192, -25), (192, -20), (192, -15), (176, -10), (176, -5), (176, 0), (208, 5), (208, 10), (192, 15), (208, 20), (192, 25), (192, 30), (176, 35), (192, 40), (160, 45), (160, 50), (288, 55), (368, 60)]
2017-05-29 18:14:17, [(224, -60), (240, -55), (256, -50), (192, -45), (192, -40), (176, -35), (192, -30), (192, -25), (192, -20), (176, -15), (160, -10), (144, -5), (144, 0), (144, 5), (144, 10), (128, 15), (128, 20), (128, 25), (112, 30), (176, 35), (176, 40), (208, 45), (288, 50), (288, 55), (288, 60)]
2017-05-29 18:14:17, [(288, -60), (224, -55), (208, -50), (192, -45), (192, -40), (176, -35), (144, -30), (128, -25), (144, -20), (176, -15), (160, -10), (176, -5), (128, 0), (128, 5), (208, 10), (192, 15), (192, 20), (160, 25), (144, 30), (160, 35), (176, 40), (208, 45), (240, 50), (224, 55), (224, 60)]
2017-05-29 18:14:17, [(224, -60), (240, -55), (256, -50), (192, -45), (192, -40), (176, -35), (192, -30), (192, -25), (176, -20), (192, -15), (176, -10), (176, -5), (144, 0), (128, 5), (144, 10), (128, 15), (128, 20), (128, 25), (112, 30), (176, 35), (176, 40), (208, 45), (256, 50), (288, 55), (304, 60)]
2017-05-29 18:14:17, [(320, -60), (304, -55), (304, -50), (192, -45), (192, -40), (176, -35), (112, -30), (128, -25), (144, -20), (176, -15), (160, -10), (176, -5), (176, 0), (208, 5), (160, 10), (192, 15), (192, 20), (208, 25), (208, 30), (176, 35), (176, 40), (208, 45), (240, 50), (224, 55), (224, 60)]
2017-05-29 18:14:17, [(288, -60), (304, -55), (304, -50), (208, -45), (208, -40), (208, -35), (192, -30), (192, -25), (192, -20), (192, -15), (176, -10), (176, -5), (144, 0), (128, 5), (208, 10), (192, 15), (208, 20), (192, 25), (192, 30), (176, 35), (192, 40), (240, 45), (288, 50), (288, 55), (368, 60)]
2017-05-29 18:14:17, [(288, -60), (320, -55), (240, -50), (208, -45), (192, -40), (208, -35), (192, -30), (192, -25), (192, -20), (192, -15), (176, -10), (176, -5), (144, 0), (224, 5), (160, 10), (208, 15), (192, 20), (160, 25), (176, 30), (176, 35), (192, 40), (240, 45), (288, 50), (288, 55), (384, 60)]
2017-05-29 18:14:18, [(224, -60), (240, -55), (256, -50), (192, -45), (192, -40), (208, -35), (176, -30), (192, -25), (192, -20), (176, -15), (160, -10), (160, -5), (128, 0), (128, 5), (144, 10), (128, 15), (128, 20), (128, 25), (112, 30), (176, 35), (176, 40), (240, 45), (224, 50), (288, 55), (288, 60)]
2017-05-29 18:14:18, [(288, -60), (320, -55), (304, -50), (208, -45), (192, -40), (176, -35), (192, -30), (192, -25), (192, -20), (192, -15), (176, -10), (176, -5), (144, 0), (128, 5), (208, 10), (192, 15), (208, 20), (208, 25), (208, 30), (176, 35), (192, 40), (208, 45), (288, 50), (288, 55), (368, 60)]
2017-05-29 18:14:18, [(224, -60), (240, -55), (240, -50), (192, -45), (176, -40), (176, -35), (192, -30), (192, -25), (192, -20), (192, -15), (176, -10), (176, -5), (144, 0), (128, 5), (144, 10), (160, 15), (144, 20), (128, 25), (112, 30), (176, 35), (176, 40), (192, 45), (288, 50), (288, 55), (304, 60)]
2017-05-29 18:14:18, [(368, -60), (304, -55), (304, -50), (208, -45), (192, -40), (176, -35), (192, -30), (192, -25), (192, -20), (192, -15), (176, -10), (176, -5), (176, 0), (208, 5), (160, 10), (192, 15), (192, 20), (192, 25), (192, 30), (176, 35), (192, 40), (208, 45), (288, 50), (288, 55), (368, 60)]
2017-05-29 18:14:18, [(224, -60), (224, -55), (208, -50), (192, -45), (192, -40), (176, -35), (192, -30), (192, -25), (192, -20), (192, -15), (176, -10), (176, -5), (144, 0), (144, 5), (144, 10), (128, 15), (128, 20), (128, 25), (112, 30), (160, 35), (176, 40), (208, 45), (288, 50), (288, 55), (304, 60)]
2017-05-29 18:14:18, [(224, -60), (240, -55), (256, -50), (208, -45), (192, -40), (176, -35), (112, -30), (128, -25), (144, -20), (176, -15), (160, -10), (176, -5), (144, 0), (144, 5), (144, 10), (128, 15), (128, 20), (128, 25), (112, 30), (176, 35), (192, 40), (208, 45), (240, 50), (224, 55), (224, 60)]
2017-05-29 18:14:18, [(368, -60), (320, -55), (304, -50), (208, -45), (192, -40), (208, -35), (192, -30), (192, -25), (192, -20), (192, -15), (176, -10), (176, -5), (176, 0), (208, 5), (160, 10), (192, 15), (208, 20), (208, 25), (208, 30), (176, 35), (192, 40), (240, 45), (288, 50), (288, 55), (368, 60)]
2017-05-29 18:14:19, [(224, -60), (240, -55), (240, -50), (192, -45), (176, -40), (176, -35), (160, -30), (128, -25), (144, -20), (192, -15), (176, -10), (176, -5), (128, 0), (128, 5), (144, 10), (128, 15), (128, 20), (128, 25), (112, 30), (176, 35), (176, 40), (192, 45), (240, 50), (224, 55), (224, 60)]
2017-05-29 18:14:19, [(272, -60), (256, -55), (256, -50), (192, -45), (192, -40), (176, -35), (192, -30), (192, -25), (192, -20), (192, -15), (176, -10), (176, -5), (128, 0), (144, 5), (144, 10), (160, 15), (176, 20), (192, 25), (192, 30), (176, 35), (176, 40), (208, 45), (288, 50), (288, 55), (304, 60)]
2017-05-29 18:14:19, [(224, -60), (304, -55), (304, -50), (192, -45), (192, -40), (176, -35), (192, -30), (192, -25), (192, -20), (192, -15), (176, -10), (176, -5), (176, 0), (208, 5), (160, 10), (192, 15), (192, 20), (128, 25), (112, 30), (176, 35), (176, 40), (208, 45), (288, 50), (288, 55), (368, 60)]
2017-05-29 18:14:19, [(368, -60), (320, -55), (304, -50), (208, -45), (192, -40), (208, -35), (192, -30), (192, -25), (192, -20), (192, -15), (176, -10), (176, -5), (192, 0), (208, 5), (208, 10), (208, 15), (192, 20), (192, 25), (192, 30), (176, 35), (192, 40), (240, 45), (288, 50), (288, 55), (384, 60)]
2017-05-29 18:14:19, [(288, -60), (304, -55), (304, -50), (208, -45), (192, -40), (208, -35), (192, -30), (192, -25), (192, -20), (192, -15), (176, -10), (176, -5), (144, 0), (128, 5), (208, 10), (192, 15), (192, 20), (208, 25), (208, 30), (176, 35), (192, 40), (240, 45), (288, 50), (288, 55), (368, 60)]
2017-05-29 18:14:19, [(224, -60), (240, -55), (256, -50), (192, -45), (192, -40), (176, -35), (192, -30), (192, -25), (192, -20), (176, -15), (160, -10), (144, -5), (160, 0), (144, 5), (144, 10), (128, 15), (128, 20), (128, 25), (112, 30), (176, 35), (176, 40), (208, 45), (288, 50), (288, 55), (288, 60)]
2017-05-29 18:14:19, [(288, -60), (304, -55), (304, -50), (208, -45), (192, -40), (208, -35), (192, -30), (192, -25), (192, -20), (176, -15), (160, -10), (176, -5), (144, 0), (144, 5), (160, 10), (192, 15), (192, 20), (208, 25), (208, 30), (176, 35), (192, 40), (240, 45), (288, 50), (288, 55), (368, 60)]
2017-05-29 18:14:19, [(288, -60), (288, -55), (256, -50), (208, -45), (192, -40), (176, -35), (192, -30), (192, -25), (192, -20), (192, -15), (176, -10), (176, -5), (128, 0), (128, 5), (160, 10), (176, 15), (176, 20), (192, 25), (192, 30), (176, 35), (192, 40), (208, 45), (288, 50), (288, 55), (320, 60)]
2017-05-29 18:14:20, [(272, -60), (304, -55), (304, -50), (256, -45), (192, -40), (176, -35), (192, -30), (192, -25), (192, -20), (176, -15), (160, -10), (160, -5), (176, 0), (208, 5), (144, 10), (192, 15), (192, 20), (208, 25), (208, 30), (208, 35), (192, 40), (208, 45), (288, 50), (288, 55), (288, 60)]
2017-05-29 18:14:20, [(368, -60), (320, -55), (304, -50), (208, -45), (192, -40), (208, -35), (192, -30), (192, -25), (192, -20), (192, -15), (176, -10), (176, -5), (192, 0), (208, 5), (160, 10), (192, 15), (192, 20), (192, 25), (192, 30), (176, 35), (192, 40), (240, 45), (288, 50), (288, 55), (368, 60)]
2017-05-29 18:14:20, [(368, -60), (320, -55), (304, -50), (240, -45), (192, -40), (176, -35), (192, -30), (192, -25), (192, -20), (192, -15), (176, -10), (176, -5), (176, 0), (208, 5), (160, 10), (192, 15), (192, 20), (192, 25), (192, 30), (208, 35), (192, 40), (208, 45), (288, 50), (288, 55), (368, 60)]
2017-05-29 18:14:20, [(224, -60), (304, -55), (304, -50), (208, -45), (192, -40), (176, -35), (192, -30), (192, -25), (192, -20), (176, -15), (160, -10), (160, -5), (176, 0), (208, 5), (144, 10), (192, 15), (192, 20), (128, 25), (112, 30), (176, 35), (192, 40), (208, 45), (288, 50), (288, 55), (288, 60)]
2017-05-29 18:14:20, [(368, -60), (320, -55), (304, -50), (192, -45), (192, -40), (176, -35), (192, -30), (192, -25), (192, -20), (192, -15), (176, -10), (176, -5), (192, 0), (208, 5), (208, 10), (192, 15), (192, 20), (192, 25), (192, 30), (176, 35), (176, 40), (208, 45), (288, 50), (288, 55), (368, 60)]
2017-05-29 18:14:20, [(288, -60), (288, -55), (256, -50), (208, -45), (192, -40), (176, -35), (192, -30), (192, -25), (192, -20), (192, -15), (176, -10), (176, -5), (128, 0), (128, 5), (160, 10), (176, 15), (176, 20), (192, 25), (192, 30), (176, 35), (192, 40), (208, 45), (288, 50), (288, 55), (320, 60)]
2017-05-29 18:14:20, [(224, -60), (240, -55), (256, -50), (208, -45), (192, -40), (176, -35), (112, -30), (128, -25), (144, -20), (176, -15), (160, -10), (160, -5), (128, 0), (144, 5), (144, 10), (128, 15), (128, 20), (128, 25), (112, 30), (176, 35), (192, 40), (208, 45), (224, 50), (224, 55), (224, 60)]
2017-05-29 18:14:21, [(224, -60), (224, -55), (208, -50), (192, -45), (176, -40), (112, -35), (112, -30), (112, -25), (112, -20), (128, -15), (160, -10), (160, -5), (128, 0), (128, 5), (128, 10), (128, 15), (112, 20), (112, 25), (112, 30), (160, 35), (176, 40), (192, 45), (224, 50), (208, 55), (208, 60)]
2017-05-29 18:14:21, [(288, -60), (320, -55), (304, -50), (192, -45), (176, -40), (176, -35), (192, -30), (192, -25), (192, -20), (192, -15), (176, -10), (176, -5), (128, 0), (128, 5), (160, 10), (192, 15), (192, 20), (208, 25), (208, 30), (176, 35), (176, 40), (192, 45), (288, 50), (288, 55), (368, 60)]
2017-05-29 18:14:21, [(224, -60), (304, -55), (304, -50), (208, -45), (192, -40), (112, -35), (96, -30), (96, -25), (112, -20), (128, -15), (160, -10), (160, -5), (176, 0), (208, 5), (160, 10), (192, 15), (192, 20), (128, 25), (112, 30), (176, 35), (192, 40), (208, 45), (240, 50), (224, 55), (208, 60)]
2017-05-29 18:14:21, [(224, -60), (320, -55), (304, -50), (208, -45), (192, -40), (176, -35), (192, -30), (192, -25), (192, -20), (192, -15), (176, -10), (176, -5), (176, 0), (208, 5), (160, 10), (208, 15), (192, 20), (192, 25), (112, 30), (176, 35), (192, 40), (208, 45), (288, 50), (288, 55), (384, 60)]
2017-05-29 18:14:21, [(224, -60), (240, -55), (240, -50), (192, -45), (192, -40), (112, -35), (96, -30), (96, -25), (112, -20), (128, -15), (176, -10), (176, -5), (144, 0), (128, 5), (144, 10), (128, 15), (128, 20), (128, 25), (112, 30), (176, 35), (176, 40), (208, 45), (240, 50), (224, 55), (208, 60)]
2017-05-29 18:14:21, [(224, -60), (304, -55), (304, -50), (208, -45), (192, -40), (176, -35), (192, -30), (192, -25), (192, -20), (176, -15), (160, -10), (160, -5), (176, 0), (208, 5), (160, 10), (192, 15), (192, 20), (128, 25), (112, 30), (176, 35), (192, 40), (208, 45), (288, 50), (288, 55), (288, 60)]
2017-05-29 18:14:21, [(368, -60), (320, -55), (304, -50), (256, -45), (192, -40), (208, -35), (192, -30), (192, -25), (192, -20), (192, -15), (176, -10), (176, -5), (192, 0), (208, 5), (160, 10), (208, 15), (192, 20), (208, 25), (208, 30), (208, 35), (192, 40), (240, 45), (288, 50), (288, 55), (384, 60)]
2017-05-29 18:14:21, [(368, -60), (304, -55), (304, -50), (192, -45), (192, -40), (208, -35), (192, -30), (192, -25), (192, -20), (192, -15), (176, -10), (176, -5), (176, 0), (208, 5), (208, 10), (192, 15), (192, 20), (208, 25), (208, 30), (176, 35), (176, 40), (240, 45), (288, 50), (288, 55), (368, 60)]
2017-05-29 18:14:22, [(224, -60), (304, -55), (304, -50), (208, -45), (192, -40), (208, -35), (192, -30), (192, -25), (192, -20), (176, -15), (160, -10), (160, -5), (176, 0), (208, 5), (160, 10), (192, 15), (192, 20), (128, 25), (112, 30), (176, 35), (192, 40), (240, 45), (288, 50), (288, 55), (288, 60)]
2017-05-29 18:14:22, [(368, -60), (320, -55), (304, -50), (208, -45), (192, -40), (208, -35), (192, -30), (192, -25), (192, -20), (192, -15), (176, -10), (176, -5), (192, 0), (208, 5), (160, 10), (192, 15), (192, 20), (208, 25), (208, 30), (176, 35), (192, 40), (240, 45), (272, 50), (288, 55), (368, 60)]
2017-05-29 18:14:22, [(368, -60), (320, -55), (304, -50), (208, -45), (192, -40), (208, -35), (192, -30), (192, -25), (192, -20), (192, -15), (176, -10), (176, -5), (192, 0), (208, 5), (208, 10), (192, 15), (192, 20), (192, 25), (192, 30), (176, 35), (192, 40), (240, 45), (272, 50), (288, 55), (368, 60)]
2017-05-29 18:14:22, [(368, -60), (304, -55), (304, -50), (192, -45), (176, -40), (176, -35), (192, -30), (192, -25), (192, -20), (192, -15), (176, -10), (176, -5), (176, 0), (208, 5), (208, 10), (192, 15), (192, 20), (192, 25), (192, 30), (176, 35), (176, 40), (192, 45), (288, 50), (288, 55), (368, 60)]
2017-05-29 18:14:22, [(224, -60), (240, -55), (240, -50), (192, -45), (192, -40), (208, -35), (192, -30), (192, -25), (192, -20), (176, -15), (160, -10), (160, -5), (144, 0), (128, 5), (128, 10), (128, 15), (128, 20), (128, 25), (112, 30), (176, 35), (176, 40), (240, 45), (272, 50), (288, 55), (288, 60)]
2017-05-29 18:14:22, [(288, -60), (320, -55), (304, -50), (208, -45), (192, -40), (176, -35), (192, -30), (192, -25), (192, -20), (192, -15), (176, -10), (176, -5), (128, 0), (128, 5), (208, 10), (192, 15), (192, 20), (208, 25), (208, 30), (176, 35), (192, 40), (208, 45), (272, 50), (288, 55), (368, 60)]
2017-05-29 18:14:22, [(272, -60), (320, -55), (304, -50), (192, -45), (192, -40), (208, -35), (192, -30), (192, -25), (192, -20), (192, -15), (176, -10), (176, -5), (192, 0), (208, 5), (144, 10), (192, 15), (192, 20), (208, 25), (208, 30), (176, 35), (176, 40), (240, 45), (272, 50), (288, 55), (368, 60)]
2017-05-29 18:14:23, [(368, -60), (320, -55), (304, -50), (192, -45), (192, -40), (176, -35), (192, -30), (192, -25), (192, -20), (192, -15), (176, -10), (176, -5), (192, 0), (208, 5), (160, 10), (192, 15), (192, 20), (192, 25), (192, 30), (176, 35), (176, 40), (208, 45), (272, 50), (288, 55), (368, 60)]
2017-05-29 18:14:23, [(368, -60), (320, -55), (304, -50), (192, -45), (192, -40), (176, -35), (192, -30), (192, -25), (192, -20), (192, -15), (176, -10), (176, -5), (192, 0), (208, 5), (208, 10), (192, 15), (192, 20), (192, 25), (192, 30), (176, 35), (176, 40), (208, 45), (272, 50), (288, 55), (368, 60)]
2017-05-29 18:14:23, [(368, -60), (304, -55), (304, -50), (192, -45), (192, -40), (176, -35), (192, -30), (192, -25), (192, -20), (192, -15), (176, -10), (176, -5), (176, 0), (208, 5), (208, 10), (192, 15), (192, 20), (208, 25), (208, 30), (176, 35), (176, 40), (208, 45), (272, 50), (288, 55), (368, 60)]
2017-05-29 18:14:23, [(368, -60), (320, -55), (304, -50), (192, -45), (192, -40), (208, -35), (192, -30), (192, -25), (192, -20), (192, -15), (176, -10), (176, -5), (192, 0), (208, 5), (208, 10), (192, 15), (192, 20), (192, 25), (192, 30), (176, 35), (176, 40), (240, 45), (272, 50), (288, 55), (368, 60)]
2017-05-29 18:14:23, [(288, -60), (320, -55), (304, -50), (192, -45), (192, -40), (176, -35), (192, -30), (192, -25), (192, -20), (192, -15), (176, -10), (176, -5), (128, 0), (128, 5), (160, 10), (192, 15), (192, 20), (192, 25), (192, 30), (176, 35), (176, 40), (208, 45), (272, 50), (288, 55), (368, 60)]
2017-05-29 18:14:23, [(368, -60), (320, -55), (304, -50), (192, -45), (192, -40), (208, -35), (192, -30), (192, -25), (192, -20), (192, -15), (176, -10), (176, -5), (192, 0), (208, 5), (208, 10), (192, 15), (192, 20), (192, 25), (192, 30), (176, 35), (176, 40), (240, 45), (272, 50), (288, 55), (368, 60)]
2017-05-29 18:14:23, [(304, -60), (304, -55), (304, -50), (192, -45), (192, -40), (208, -35), (192, -30), (192, -25), (192, -20), (176, -15), (160, -10), (160, -5), (160, 0), (208, 5), (208, 10), (192, 15), (192, 20), (192, 25), (192, 30), (176, 35), (176, 40), (240, 45), (272, 50), (288, 55), (288, 60)]
2017-05-29 18:14:24, [(368, -60), (320, -55), (304, -50), (192, -45), (192, -40), (176, -35), (192, -30), (192, -25), (192, -20), (192, -15), (176, -10), (176, -5), (192, 0), (208, 5), (160, 10), (208, 15), (192, 20), (208, 25), (208, 30), (176, 35), (176, 40), (208, 45), (272, 50), (288, 55), (384, 60)]
2017-05-29 18:14:24, [(368, -60), (320, -55), (304, -50), (192, -45), (192, -40), (208, -35), (192, -30), (192, -25), (192, -20), (192, -15), (176, -10), (176, -5), (192, 0), (208, 5), (208, 10), (192, 15), (192, 20), (192, 25), (192, 30), (176, 35), (176, 40), (240, 45), (272, 50), (288, 55), (368, 60)]
2017-05-29 18:14:24, [(160, -60), (160, -55), (176, -50), (192, -45), (176, -40), (128, -35), (160, -30), (128, -25), (144, -20), (192, -15), (176, -10), (176, -5), (128, 0), (128, 5), (144, 10), (160, 15), (144, 20), (128, 25), (112, 30), (112, 35), (112, 40), (96, 45), (96, 50), (80, 55), (80, 60)]
2017-05-29 18:14:24, [(368, -60), (320, -55), (304, -50), (192, -45), (192, -40), (160, -35), (144, -30), (192, -25), (192, -20), (192, -15), (176, -10), (176, -5), (192, 0), (208, 5), (160, 10), (192, 15), (192, 20), (192, 25), (192, 30), (208, 35), (176, 40), (208, 45), (224, 50), (288, 55), (368, 60)]
2017-05-29 18:14:24, [(352, -60), (320, -55), (304, -50), (192, -45), (192, -40), (160, -35), (176, -30), (192, -25), (176, -20), (192, -15), (176, -10), (176, -5), (192, 0), (208, 5), (160, 10), (192, 15), (192, 20), (192, 25), (192, 30), (176, 35), (176, 40), (208, 45), (224, 50), (288, 55), (368, 60)]
2017-05-29 18:14:24, [(304, -60), (304, -55), (304, -50), (208, -45), (192, -40), (208, -35), (192, -30), (192, -25), (192, -20), (176, -15), (160, -10), (160, -5), (176, 0), (208, 5), (208, 10), (192, 15), (192, 20), (192, 25), (192, 30), (176, 35), (192, 40), (240, 45), (272, 50), (288, 55), (288, 60)]
2017-05-29 18:14:24, [(368, -60), (320, -55), (304, -50), (192, -45), (192, -40), (208, -35), (192, -30), (192, -25), (192, -20), (192, -15), (176, -10), (176, -5), (192, 0), (208, 5), (208, 10), (192, 15), (192, 20), (192, 25), (192, 30), (176, 35), (176, 40), (240, 45), (272, 50), (288, 55), (368, 60)]
2017-05-29 18:14:25, [(272, -60), (288, -55), (256, -50), (192, -45), (192, -40), (176, -35), (112, -30), (128, -25), (144, -20), (176, -15), (160, -10), (160, -5), (144, 0), (128, 5), (144, 10), (176, 15), (176, 20), (192, 25), (192, 30), (208, 35), (176, 40), (208, 45), (240, 50), (224, 55), (224, 60)]
2017-05-29 18:14:25, [(0, -60), (0, -55), (0, -50), (0, -45), (0, -40), (0, -35), (0, -30), (0, -25), (0, -20), (0, -15), (0, -10), (0, -5), (0, 0), (0, 5), (0, 10), (0, 15), (0, 20), (0, 25), (0, 30), (0, 35), (0, 40), (0, 45), (0, 50), (0, 55), (0, 60)]
2017-05-29 18:14:25, [(0, -60), (0, -55), (0, -50), (0, -45), (0, -40), (0, -35), (0, -30), (0, -25), (0, -20), (0, -15), (0, -10), (0, -5), (0, 0), (0, 5), (0, 10), (0, 15), (0, 20), (0, 25), (0, 30), (0, 35), (0, 40), (0, 45), (0, 50), (0, 55), (0, 60)]
