2017-05-29 17:38:52, [(0, -60), (0, -55), (0, -50), (0, -45), (0, -40), (0, -35), (0, -30), (0, -25), (0, -20), (0, -15), (0, -10), (0, -5), (0, 0), (0, 5), (0, 10), (0, 15), (0, 20), (0, 25), (0, 30), (0, 35), (0, 40), (0, 45), (0, 50), (0, 55), (0, 60)]
2017-05-29 17:38:52, [(256, -60), (256, -55), (288, -50), (176, -45), (176, -40), (176, -35), (176, -30), (160, -25), (160, -20), (176, -15), (176, -10), (144, -5), (128, 0), (112, 5), (128, 10), (128, 15), (128, 20), (192, 25), (192, 30), (176, 35), (192, 40), (192, 45), (176, 50), (288, 55), (288, 60)]
2017-05-29 17:38:52, [(0, -60), (0, -55), (0, -50), (0, -45), (0, -40), (0, -35), (0, -30), (0, -25), (0, -20), (0, -15), (0, -10), (0, -5), (0, 0), (0, 5), (0, 10), (0, 15), (0, 20), (0, 25), (0, 30), (0, 35), (0, 40), (0, 45), (0, 50), (0, 55), (0, 60)]
2017-05-29 17:38:52, [(144, -60), (160, -55), (176, -50), (176, -45), (176, -40), (176, -35), (176, -30), (160, -25), (160, -20), (192, -15), (208, -10), (144, -5), (128, 0), (112, 5), (128, 10), (128, 15), (128, 20), (208, 25), (208, 30), (176, 35), (176, 40), (160, 45), (160, 50), (144, 55), (144, 60)]
2017-05-29 17:38:52, [(128, -60), (128, -55), (128, -50), (144, -45), (160, -40), (176, -35), (176, -30), (192, -25), (160, -20), (208, -15), (208, -10), (144, -5), (128, 0), (112, 5), (128, 10), (144, 15), (192, 20), (208, 25), (208, 30), (176, 35), (160, 40), (144, 45), (128, 50), (128, 55), (112, 60)]
2017-05-29 17:38:53, [(160, -60), (160, -55), (176, -50), (176, -45), (176, -40), (176, -35), (176, -30), (160, -25), (160, -20), (192, -15), (192, -10), (144, -5), (128, 0), (128, 5), (128, 10), (128, 15), (112, 20), (112, 25), (112, 30), (112, 35), (112, 40), (96, 45), (96, 50), (80, 55), (80, 60)]
2017-05-29 17:38:53, [(160, -60), (160, -55), (176, -50), (160, -45), (176, -40), (176, -35), (176, -30), (160, -25), (160, -20), (176, -15), (192, -10), (144, -5), (128, 0), (128, 5), (128, 10), (128, 15), (128, 20), (208, 25), (208, 30), (176, 35), (160, 40), (144, 45), (128, 50), (128, 55), (112, 60)]
2017-05-29 17:38:53, [(0, -60), (0, -55), (0, -50), (0, -45), (0, -40), (0, -35), (0, -30), (0, -25), (0, -20), (0, -15), (0, -10), (0, -5), (0, 0), (0, 5), (0, 10), (0, 15), (0, 20), (0, 25), (0, 30), (0, 35), (0, 40), (0, 45), (0, 50), (0, 55), (0, 60)]
2017-05-29 17:38:53, [(160, -60), (160, -55), (176, -50), (176, -45), (176, -40), (176, -35), (176, -30), (160, -25), (160, -20), (176, -15), (192, -10), (96, -5), (96, 0), (128, 5), (128, 10), (128, 15), (128, 20), (192, 25), (192, 30), (176, 35), (160, 40), (144, 45), (128, 50), (128, 55), (112, 60)]
2017-05-29 17:38:53, [(160, -60), (160, -55), (176, -50), (160, -45), (160, -40), (176, -35), (176, -30), (160, -25), (160, -20), (176, -15), (160, -10), (144, -5), (128, 0), (128, 5), (128, 10), (128, 15), (128, 20), (144, 25), (192, 30), (176, 35), (160, 40), (144, 45), (128, 50), (128, 55), (112, 60)]
2017-05-29 17:38:53, [(0, -60), (0, -55), (0, -50), (0, -45), (0, -40), (0, -35), (0, -30), (0, -25), (0, -20), (0, -15), (0, -10), (0, -5), (0, 0), (0, 5), (0, 10), (0, 15), (0, 20), (0, 25), (0, 30), (0, 35), (0, 40), (0, 45), (0, 50), (0, 55), (0, 60)]
2017-05-29 17:38:53, [(96, -60), (96, -55), (80, -50), (80, -45), (64, -40), (64, -35), (64, -30), (64, -25), (64, -20), (64, -15), (48, -10), (48, -5), (48, 0), (48, 5), (48, 10), (64, 15), (64, 20), (64, 25), (64, 30), (80, 35), (160, 40), (144, 45), (128, 50), (128, 55), (112, 60)]
2017-05-29 17:38:53, [(224, -60), (240, -55), (176, -50), (160, -45), (160, -40), (160, -35), (160, -30), (160, -25), (128, -20), (128, -15), (144, -10), (96, -5), (96, 0), (80, 5), (96, 10), (96, 15), (128, 20), (144, 25), (112, 30), (96, 35), (96, 40), (160, 45), (176, 50), (192, 55), (256, 60)]
2017-05-29 17:38:54, [(0, -60), (0, -55), (0, -50), (0, -45), (0, -40), (0, -35), (0, -30), (0, -25), (0, -20), (0, -15), (0, -10), (0, -5), (0, 0), (0, 5), (0, 10), (0, 15), (0, 20), (0, 25), (0, 30), (0, 35), (0, 40), (0, 45), (0, 50), (0, 55), (0, 60)]
2017-05-29 17:38:54, [(160, -60), (160, -55), (176, -50), (176, -45), (176, -40), (160, -35), (176, -30), (128, -25), (128, -20), (128, -15), (96, -10), (80, -5), (80, 0), (80, 5), (112, 10), (112, 15), (128, 20), (192, 25), (112, 30), (96, 35), (96, 40), (96, 45), (96, 50), (80, 55), (80, 60)]
2017-05-29 17:38:54, [(48, -60), (48, -55), (48, -50), (160, -45), (160, -40), (160, -35), (176, -30), (160, -25), (160, -20), (160, -15), (144, -10), (96, -5), (96, 0), (112, 5), (96, 10), (96, 15), (112, 20), (112, 25), (112, 30), (112, 35), (112, 40), (96, 45), (96, 50), (80, 55), (80, 60)]
2017-05-29 17:38:54, [(0, -60), (0, -55), (0, -50), (0, -45), (0, -40), (0, -35), (0, -30), (0, -25), (0, -20), (0, -15), (0, -10), (0, -5), (0, 0), (0, 5), (0, 10), (0, 15), (0, 20), (0, 25), (0, 30), (0, 35), (0, 40), (0, 45), (0, 50), (0, 55), (0, 60)]
2017-05-29 17:38:54, [(160, -60), (160, -55), (160, -50), (160, -45), (160, -40), (160, -35), (160, -30), (128, -25), (128, -20), (112, -15), (96, -10), (80, -5), (80, 0), (80, 5), (96, 10), (64, 15), (64, 20), (64, 25), (64, 30), (64, 35), (64, 40), (80, 45), (64, 50), (64, 55), (64, 60)]
2017-05-29 17:38:54, [(160, -60), (160, -55), (176, -50), (160, -45), (160, -40), (176, -35), (176, -30), (160, -25), (160, -20), (160, -15), (96, -10), (80, -5), (80, 0), (80, 5), (96, 10), (96, 15), (112, 20), (112, 25), (112, 30), (112, 35), (112, 40), (96, 45), (96, 50), (80, 55), (80, 60)]
2017-05-29 17:38:54, [(0, -60), (0, -55), (0, -50), (0, -45), (0, -40), (0, -35), (0, -30), (0, -25), (0, -20), (0, -15), (0, -10), (0, -5), (0, 0), (0, 5), (0, 10), (0, 15), (0, 20), (0, 25), (0, 30), (0, 35), (0, 40), (0, 45), (0, 50), (0, 55), (0, 60)]
2017-05-29 17:38:54, [(160, -60), (160, -55), (176, -50), (160, -45), (160, -40), (160, -35), (160, -30), (144, -25), (144, -20), (112, -15), (96, -10), (80, -5), (64, 0), (64, 5), (64, 10), (80, 15), (80, 20), (80, 25), (80, 30), (80, 35), (160, 40), (144, 45), (128, 50), (128, 55), (112, 60)]
2017-05-29 17:38:55, [(160, -60), (160, -55), (176, -50), (160, -45), (160, -40), (160, -35), (160, -30), (160, -25), (160, -20), (112, -15), (96, -10), (80, -5), (80, 0), (80, 5), (96, 10), (96, 15), (112, 20), (80, 25), (80, 30), (80, 35), (112, 40), (96, 45), (96, 50), (80, 55), (80, 60)]
2017-05-29 17:38:55, [(0, -60), (0, -55), (0, -50), (0, -45), (0, -40), (0, -35), (0, -30), (0, -25), (0, -20), (0, -15), (0, -10), (0, -5), (0, 0), (0, 5), (0, 10), (0, 15), (0, 20), (0, 25), (0, 30), (0, 35), (0, 40), (0, 45), (0, 50), (0, 55), (0, 60)]
2017-05-29 17:38:55, [(160, -60), (160, -55), (176, -50), (160, -45), (160, -40), (160, -35), (160, -30), (160, -25), (160, -20), (112, -15), (96, -10), (80, -5), (80, 0), (80, 5), (96, 10), (96, 15), (112, 20), (80, 25), (80, 30), (80, 35), (112, 40), (96, 45), (96, 50), (80, 55), (80, 60)]
2017-05-29 17:38:55, [(160, -60), (160, -55), (176, -50), (160, -45), (160, -40), (160, -35), (160, -30), (144, -25), (144, -20), (112, -15), (96, -10), (80, -5), (80, 0), (80, 5), (96, 10), (96, 15), (112, 20), (112, 25), (112, 30), (112, 35), (112, 40), (96, 45), (96, 50), (80, 55), (80, 60)]
2017-05-29 17:38:55, [(0, -60), (0, -55), (0, -50), (0, -45), (0, -40), (0, -35), (0, -30), (0, -25), (0, -20), (0, -15), (0, -10), (0, -5), (0, 0), (0, 5), (0, 10), (0, 15), (0, 20), (0, 25), (0, 30), (0, 35), (0, 40), (0, 45), (0, 50), (0, 55), (0, 60)]
2017-05-29 17:38:55, [(144, -60), (144, -55), (176, -50), (160, -45), (160, -40), (160, -35), (160, -30), (160, -25), (160, -20), (112, -15), (96, -10), (80, -5), (80, 0), (80, 5), (96, 10), (96, 15), (96, 20), (80, 25), (80, 30), (80, 35), (112, 40), (96, 45), (96, 50), (96, 55), (96, 60)]
2017-05-29 17:38:55, [(240, -60), (240, -55), (176, -50), (160, -45), (176, -40), (176, -35), (176, -30), (160, -25), (160, -20), (112, -15), (96, -10), (80, -5), (80, 0), (80, 5), (96, 10), (96, 15), (96, 20), (96, 25), (96, 30), (208, 35), (176, 40), (160, 45), (176, 50), (256, 55), (272, 60)]
2017-05-29 17:38:55, [(0, -60), (0, -55), (0, -50), (0, -45), (0, -40), (0, -35), (0, -30), (0, -25), (0, -20), (0, -15), (0, -10), (0, -5), (0, 0), (0, 5), (0, 10), (0, 15), (0, 20), (0, 25), (0, 30), (0, 35), (0, 40), (0, 45), (0, 50), (0, 55), (0, 60)]
2017-05-29 17:38:56, [(48, -60), (48, -55), (48, -50), (192, -45), (176, -40), (176, -35), (176, -30), (160, -25), (96, -20), (96, -15), (64, -10), (64, -5), (64, 0), (64, 5), (64, 10), (80, 15), (80, 20), (80, 25), (80, 30), (80, 35), (176, 40), (192, 45), (208, 50), (256, 55), (272, 60)]
2017-05-29 17:38:56, [(160, -60), (160, -55), (176, -50), (160, -45), (176, -40), (160, -35), (160, -30), (160, -25), (96, -20), (96, -15), (64, -10), (64, -5), (64, 0), (64, 5), (64, 10), (80, 15), (80, 20), (80, 25), (80, 30), (80, 35), (80, 40), (80, 45), (80, 50), (80, 55), (80, 60)]
2017-05-29 17:38:56, [(0, -60), (0, -55), (0, -50), (0, -45), (0, -40), (0, -35), (0, -30), (0, -25), (0, -20), (0, -15), (0, -10), (0, -5), (0, 0), (0, 5), (0, 10), (0, 15), (0, 20), (0, 25), (0, 30), (0, 35), (0, 40), (0, 45), (0, 50), (0, 55), (0, 60)]
2017-05-29 17:38:56, [(160, -60), (160, -55), (176, -50), (160, -45), (160, -40), (160, -35), (160, -30), (144, -25), (144, -20), (144, -15), (64, -10), (64, -5), (64, 0), (64, 5), (64, 10), (80, 15), (80, 20), (112, 25), (96, 30), (96, 35), (96, 40), (96, 45), (96, 50), (80, 55), (80, 60)]
2017-05-29 17:38:56, [(240, -60), (240, -55), (240, -50), (176, -45), (176, -40), (160, -35), (160, -30), (144, -25), (80, -20), (64, -15), (48, -10), (48, -5), (48, 0), (48, 5), (48, 10), (64, 15), (64, 20), (64, 25), (64, 30), (64, 35), (64, 40), (192, 45), (176, 50), (224, 55), (256, 60)]
2017-05-29 17:38:56, [(0, -60), (0, -55), (0, -50), (0, -45), (0, -40), (0, -35), (0, -30), (0, -25), (0, -20), (0, -15), (0, -10), (0, -5), (0, 0), (0, 5), (0, 10), (0, 15), (0, 20), (0, 25), (0, 30), (0, 35), (0, 40), (0, 45), (0, 50), (0, 55), (0, 60)]
2017-05-29 17:38:56, [(80, -60), (80, -55), (208, -50), (160, -45), (160, -40), (160, -35), (160, -30), (160, -25), (160, -20), (112, -15), (96, -10), (80, -5), (80, 0), (64, 5), (64, 10), (80, 15), (80, 20), (80, 25), (80, 30), (80, 35), (176, 40), (192, 45), (176, 50), (192, 55), (272, 60)]
2017-05-29 17:38:56, [(224, -60), (240, -55), (256, -50), (160, -45), (160, -40), (144, -35), (144, -30), (128, -25), (128, -20), (128, -15), (96, -10), (80, -5), (80, 0), (64, 5), (64, 10), (80, 15), (80, 20), (112, 25), (112, 30), (192, 35), (176, 40), (192, 45), (176, 50), (192, 55), (224, 60)]
2017-05-29 17:38:57, [(0, -60), (0, -55), (0, -50), (0, -45), (0, -40), (0, -35), (0, -30), (0, -25), (0, -20), (0, -15), (0, -10), (0, -5), (0, 0), (0, 5), (0, 10), (0, 15), (0, 20), (0, 25), (0, 30), (0, 35), (0, 40), (0, 45), (0, 50), (0, 55), (0, 60)]
2017-05-29 17:38:57, [(224, -60), (256, -55), (208, -50), (160, -45), (160, -40), (160, -35), (160, -30), (160, -25), (160, -20), (112, -15), (96, -10), (80, -5), (80, 0), (80, 5), (96, 10), (96, 15), (96, 20), (96, 25), (96, 30), (176, 35), (176, 40), (192, 45), (176, 50), (192, 55), (272, 60)]
2017-05-29 17:38:57, [(256, -60), (256, -55), (256, -50), (192, -45), (176, -40), (160, -35), (160, -30), (160, -25), (160, -20), (160, -15), (96, -10), (80, -5), (80, 0), (64, 5), (64, 10), (80, 15), (80, 20), (112, 25), (192, 30), (208, 35), (176, 40), (192, 45), (208, 50), (224, 55), (272, 60)]
2017-05-29 17:38:57, [(0, -60), (0, -55), (0, -50), (0, -45), (0, -40), (0, -35), (0, -30), (0, -25), (0, -20), (0, -15), (0, -10), (0, -5), (0, 0), (0, 5), (0, 10), (0, 15), (0, 20), (0, 25), (0, 30), (0, 35), (0, 40), (0, 45), (0, 50), (0, 55), (0, 60)]
2017-05-29 17:38:57, [(160, -60), (160, -55), (176, -50), (160, -45), (176, -40), (176, -35), (176, -30), (160, -25), (160, -20), (112, -15), (96, -10), (80, -5), (80, 0), (80, 5), (96, 10), (96, 15), (112, 20), (144, 25), (208, 30), (176, 35), (160, 40), (144, 45), (128, 50), (128, 55), (112, 60)]
2017-05-29 17:38:57, [(64, -60), (64, -55), (64, -50), (192, -45), (176, -40), (160, -35), (96, -30), (96, -25), (80, -20), (64, -15), (48, -10), (48, -5), (48, 0), (48, 5), (48, 10), (64, 15), (64, 20), (64, 25), (64, 30), (80, 35), (160, 40), (144, 45), (128, 50), (128, 55), (112, 60)]
2017-05-29 17:38:57, [(0, -60), (0, -55), (0, -50), (0, -45), (0, -40), (0, -35), (0, -30), (0, -25), (0, -20), (0, -15), (0, -10), (0, -5), (0, 0), (0, 5), (0, 10), (0, 15), (0, 20), (0, 25), (0, 30), (0, 35), (0, 40), (0, 45), (0, 50), (0, 55), (0, 60)]
2017-05-29 17:38:58, [(48, -60), (48, -55), (48, -50), (48, -45), (48, -40), (48, -35), (48, -30), (48, -25), (48, -20), (48, -15), (48, -10), (48, -5), (48, 0), (48, 5), (48, 10), (48, 15), (64, 20), (64, 25), (64, 30), (64, 35), (64, 40), (80, 45), (64, 50), (64, 55), (64, 60)]
2017-05-29 17:38:58, [(144, -60), (144, -55), (256, -50), (192, -45), (48, -40), (48, -35), (48, -30), (48, -25), (48, -20), (112, -15), (96, -10), (80, -5), (80, 0), (32, 5), (96, 10), (96, 15), (48, 20), (48, 25), (48, 30), (48, 35), (48, 40), (48, 45), (80, 50), (160, 55), (160, 60)]
2017-05-29 17:38:58, [(0, -60), (0, -55), (0, -50), (0, -45), (0, -40), (0, -35), (0, -30), (0, -25), (0, -20), (0, -15), (0, -10), (0, -5), (0, 0), (0, 5), (0, 10), (0, 15), (0, 20), (0, 25), (0, 30), (0, 35), (0, 40), (0, 45), (0, 50), (0, 55), (0, 60)]
2017-05-29 17:38:58, [(128, -60), (128, -55), (160, -50), (208, -45), (176, -40), (192, -35), (64, -30), (64, -25), (48, -20), (48, -15), (32, -10), (32, -5), (32, 0), (32, 5), (32, 10), (48, 15), (64, 20), (64, 25), (64, 30), (64, 35), (64, 40), (80, 45), (80, 50), (160, 55), (160, 60)]
2017-05-29 17:38:58, [(0, -60), (0, -55), (0, -50), (0, -45), (0, -40), (0, -35), (0, -30), (0, -25), (0, -20), (0, -15), (0, -10), (0, -5), (0, 0), (0, 5), (0, 10), (0, 15), (0, 20), (0, 25), (0, 30), (0, 35), (0, 40), (0, 45), (0, 50), (0, 55), (0, 60)]
2017-05-29 17:38:58, [(0, -60), (0, -55), (0, -50), (0, -45), (0, -40), (0, -35), (0, -30), (0, -25), (0, -20), (0, -15), (0, -10), (0, -5), (0, 0), (0, 5), (0, 10), (0, 15), (0, 20), (0, 25), (0, 30), (0, 35), (0, 40), (0, 45), (0, 50), (0, 55), (0, 60)]
2017-05-29 17:38:58, [(128, -60), (128, -55), (128, -50), (272, -45), (176, -40), (176, -35), (192, -30), (192, -25), (80, -20), (80, -15), (64, -10), (64, -5), (112, 0), (96, 5), (112, 10), (64, 15), (64, 20), (64, 25), (64, 30), (64, 35), (64, 40), (80, 45), (80, 50), (160, 55), (160, 60)]
2017-05-29 17:38:58, [(128, -60), (112, -55), (112, -50), (96, -45), (96, -40), (80, -35), (64, -30), (64, -25), (64, -20), (64, -15), (64, -10), (64, -5), (32, 0), (32, 5), (32, 10), (48, 15), (64, 20), (64, 25), (64, 30), (64, 35), (64, 40), (192, 45), (176, 50), (160, 55), (160, 60)]
2017-05-29 17:38:59, [(0, -60), (0, -55), (0, -50), (0, -45), (0, -40), (0, -35), (0, -30), (0, -25), (0, -20), (0, -15), (0, -10), (0, -5), (0, 0), (0, 5), (0, 10), (0, 15), (0, 20), (0, 25), (0, 30), (0, 35), (0, 40), (0, 45), (0, 50), (0, 55), (0, 60)]
2017-05-29 17:38:59, [(128, -60), (112, -55), (112, -50), (96, -45), (96, -40), (80, -35), (64, -30), (64, -25), (48, -20), (48, -15), (32, -10), (32, -5), (32, 0), (32, 5), (32, 10), (48, 15), (48, 20), (48, 25), (48, 30), (48, 35), (48, 40), (80, 45), (80, 50), (80, 55), (80, 60)]
2017-05-29 17:38:59, [(128, -60), (112, -55), (112, -50), (96, -45), (48, -40), (48, -35), (48, -30), (48, -25), (48, -20), (48, -15), (32, -10), (32, -5), (32, 0), (32, 5), (32, 10), (48, 15), (48, 20), (48, 25), (48, 30), (48, 35), (48, 40), (48, 45), (80, 50), (144, 55), (144, 60)]
2017-05-29 17:38:59, [(0, -60), (0, -55), (0, -50), (0, -45), (0, -40), (0, -35), (0, -30), (0, -25), (0, -20), (0, -15), (0, -10), (0, -5), (0, 0), (0, 5), (0, 10), (0, 15), (0, 20), (0, 25), (0, 30), (0, 35), (0, 40), (0, 45), (0, 50), (0, 55), (0, 60)]
2017-05-29 17:38:59, [(272, -60), (144, -55), (128, -50), (128, -45), (48, -40), (48, -35), (48, -30), (48, -25), (48, -20), (48, -15), (32, -10), (32, -5), (32, 0), (48, 5), (48, 10), (48, 15), (48, 20), (48, 25), (48, 30), (48, 35), (48, 40), (48, 45), (176, 50), (160, 55), (160, 60)]
2017-05-29 17:38:59, [(144, -60), (144, -55), (128, -50), (112, -45), (48, -40), (48, -35), (48, -30), (48, -25), (48, -20), (48, -15), (48, -10), (48, -5), (48, 0), (48, 5), (48, 10), (48, 15), (48, 20), (48, 25), (48, 30), (48, 35), (48, 40), (48, 45), (176, 50), (160, 55), (160, 60)]
2017-05-29 17:38:59, [(0, -60), (0, -55), (0, -50), (0, -45), (0, -40), (0, -35), (0, -30), (0, -25), (0, -20), (0, -15), (0, -10), (0, -5), (0, 0), (0, 5), (0, 10), (0, 15), (0, 20), (0, 25), (0, 30), (0, 35), (0, 40), (0, 45), (0, 50), (0, 55), (0, 60)]
2017-05-29 17:38:59, [(96, -60), (96, -55), (80, -50), (80, -45), (64, -40), (64, -35), (64, -30), (64, -25), (64, -20), (48, -15), (48, -10), (48, -5), (48, 0), (48, 5), (48, 10), (48, 15), (48, 20), (48, 25), (48, 30), (48, 35), (48, 40), (48, 45), (64, 50), (64, 55), (64, 60)]
2017-05-29 17:39:00, [(96, -60), (112, -55), (112, -50), (272, -45), (48, -40), (48, -35), (48, -30), (48, -25), (48, -20), (192, -15), (160, -10), (144, -5), (128, 0), (32, 5), (128, 10), (160, 15), (48, 20), (48, 25), (48, 30), (48, 35), (48, 40), (208, 45), (304, 50), (160, 55), (160, 60)]
2017-05-29 17:39:00, [(0, -60), (0, -55), (0, -50), (0, -45), (0, -40), (0, -35), (0, -30), (0, -25), (0, -20), (0, -15), (0, -10), (0, -5), (0, 0), (0, 5), (0, 10), (0, 15), (0, 20), (0, 25), (0, 30), (0, 35), (0, 40), (0, 45), (0, 50), (0, 55), (0, 60)]
2017-05-29 17:39:00, [(128, -60), (128, -55), (288, -50), (272, -45), (48, -40), (48, -35), (48, -30), (48, -25), (48, -20), (48, -15), (32, -10), (32, -5), (32, 0), (32, 5), (32, 10), (48, 15), (48, 20), (48, 25), (48, 30), (48, 35), (48, 40), (208, 45), (288, 50), (288, 55), (272, 60)]
2017-05-29 17:39:00, [(128, -60), (128, -55), (176, -50), (192, -45), (48, -40), (48, -35), (48, -30), (48, -25), (48, -20), (48, -15), (32, -10), (32, -5), (32, 0), (32, 5), (32, 10), (48, 15), (48, 20), (48, 25), (48, 30), (48, 35), (48, 40), (48, 45), (160, 50), (144, 55), (144, 60)]
2017-05-29 17:39:00, [(0, -60), (0, -55), (0, -50), (0, -45), (0, -40), (0, -35), (0, -30), (0, -25), (0, -20), (0, -15), (0, -10), (0, -5), (0, 0), (0, 5), (0, 10), (0, 15), (0, 20), (0, 25), (0, 30), (0, 35), (0, 40), (0, 45), (0, 50), (0, 55), (0, 60)]
2017-05-29 17:39:00, [(128, -60), (128, -55), (176, -50), (288, -45), (192, -40), (176, -35), (192, -30), (192, -25), (48, -20), (48, -15), (32, -10), (32, -5), (32, 0), (32, 5), (32, 10), (48, 15), (48, 20), (48, 25), (48, 30), (48, 35), (48, 40), (160, 45), (160, 50), (144, 55), (144, 60)]
2017-05-29 17:39:00, [(128, -60), (128, -55), (176, -50), (192, -45), (192, -40), (176, -35), (192, -30), (192, -25), (48, -20), (48, -15), (32, -10), (32, -5), (32, 0), (32, 5), (32, 10), (48, 15), (48, 20), (48, 25), (48, 30), (48, 35), (48, 40), (160, 45), (160, 50), (144, 55), (144, 60)]
2017-05-29 17:39:00, [(0, -60), (0, -55), (0, -50), (0, -45), (0, -40), (0, -35), (0, -30), (0, -25), (0, -20), (0, -15), (0, -10), (0, -5), (0, 0), (0, 5), (0, 10), (0, 15), (0, 20), (0, 25), (0, 30), (0, 35), (0, 40), (0, 45), (0, 50), (0, 55), (0, 60)]
2017-05-29 17:39:01, [(128, -60), (128, -55), (288, -50), (272, -45), (192, -40), (176, -35), (192, -30), (192, -25), (48, -20), (48, -15), (32, -10), (32, -5), (32, 0), (32, 5), (32, 10), (48, 15), (240, 20), (224, 25), (208, 30), (208, 35), (208, 40), (208, 45), (320, 50), (304, 55), (288, 60)]
2017-05-29 17:39:01, [(144, -60), (256, -55), (288, -50), (272, -45), (192, -40), (176, -35), (192, -30), (192, -25), (192, -20), (192, -15), (208, -10), (144, -5), (128, 0), (128, 5), (144, 10), (144, 15), (240, 20), (224, 25), (208, 30), (208, 35), (208, 40), (208, 45), (304, 50), (304, 55), (288, 60)]
2017-05-29 17:39:01, [(0, -60), (0, -55), (0, -50), (0, -45), (0, -40), (0, -35), (0, -30), (0, -25), (0, -20), (0, -15), (0, -10), (0, -5), (0, 0), (0, 5), (0, 10), (0, 15), (0, 20), (0, 25), (0, 30), (0, 35), (0, 40), (0, 45), (0, 50), (0, 55), (0, 60)]
2017-05-29 17:39:01, [(80, -60), (80, -55), (96, -50), (288, -45), (176, -40), (176, -35), (176, -30), (160, -25), (160, -20), (144, -15), (128, -10), (144, -5), (128, 0), (32, 5), (32, 10), (48, 15), (48, 20), (48, 25), (48, 30), (48, 35), (48, 40), (192, 45), (208, 50), (160, 55), (144, 60)]
2017-05-29 17:39:01, [(96, -60), (128, -55), (176, -50), (192, -45), (176, -40), (176, -35), (176, -30), (192, -25), (192, -20), (192, -15), (208, -10), (144, -5), (128, 0), (144, 5), (144, 10), (144, 15), (144, 20), (144, 25), (144, 30), (176, 35), (176, 40), (160, 45), (160, 50), (304, 55), (288, 60)]
2017-05-29 17:39:01, [(0, -60), (0, -55), (0, -50), (0, -45), (0, -40), (0, -35), (0, -30), (0, -25), (0, -20), (0, -15), (0, -10), (0, -5), (0, 0), (0, 5), (0, 10), (0, 15), (0, 20), (0, 25), (0, 30), (0, 35), (0, 40), (0, 45), (0, 50), (0, 55), (0, 60)]
2017-05-29 17:39:01, [(128, -60), (128, -55), (240, -50), (240, -45), (192, -40), (176, -35), (192, -30), (192, -25), (48, -20), (48, -15), (32, -10), (32, -5), (32, 0), (32, 5), (32, 10), (48, 15), (48, 20), (48, 25), (48, 30), (48, 35), (48, 40), (48, 45), (304, 50), (288, 55), (288, 60)]
2017-05-29 17:39:02, [(128, -60), (128, -55), (160, -50), (192, -45), (192, -40), (176, -35), (192, -30), (192, -25), (192, -20), (192, -15), (176, -10), (160, -5), (144, 0), (144, 5), (144, 10), (160, 15), (160, 20), (240, 25), (208, 30), (208, 35), (176, 40), (160, 45), (160, 50), (144, 55), (288, 60)]
2017-05-29 17:39:02, [(0, -60), (0, -55), (0, -50), (0, -45), (0, -40), (0, -35), (0, -30), (0, -25), (0, -20), (0, -15), (0, -10), (0, -5), (0, 0), (0, 5), (0, 10), (0, 15), (0, 20), (0, 25), (0, 30), (0, 35), (0, 40), (0, 45), (0, 50), (0, 55), (0, 60)]
2017-05-29 17:39:02, [(128, -60), (128, -55), (288, -50), (288, -45), (176, -40), (176, -35), (192, -30), (192, -25), (192, -20), (192, -15), (192, -10), (160, -5), (32, 0), (32, 5), (32, 10), (48, 15), (48, 20), (48, 25), (48, 30), (48, 35), (48, 40), (192, 45), (288, 50), (304, 55), (288, 60)]
2017-05-29 17:39:02, [(144, -60), (144, -55), (128, -50), (144, -45), (160, -40), (176, -35), (192, -30), (192, -25), (176, -20), (192, -15), (176, -10), (144, -5), (144, 0), (144, 5), (144, 10), (144, 15), (48, 20), (48, 25), (48, 30), (48, 35), (48, 40), (192, 45), (176, 50), (160, 55), (160, 60)]
2017-05-29 17:39:02, [(64, -60), (64, -55), (64, -50), (48, -45), (48, -40), (48, -35), (48, -30), (48, -25), (48, -20), (48, -15), (48, -10), (32, -5), (96, 0), (96, 5), (144, 10), (160, 15), (208, 20), (224, 25), (208, 30), (208, 35), (208, 40), (192, 45), (176, 50), (160, 55), (160, 60)]
2017-05-29 17:39:02, [(0, -60), (0, -55), (0, -50), (0, -45), (0, -40), (0, -35), (0, -30), (0, -25), (0, -20), (0, -15), (0, -10), (0, -5), (0, 0), (0, 5), (0, 10), (0, 15), (0, 20), (0, 25), (0, 30), (0, 35), (0, 40), (0, 45), (0, 50), (0, 55), (0, 60)]
2017-05-29 17:39:02, [(96, -60), (128, -55), (176, -50), (192, -45), (176, -40), (176, -35), (192, -30), (192, -25), (48, -20), (48, -15), (32, -10), (32, -5), (96, 0), (144, 5), (160, 10), (48, 15), (48, 20), (48, 25), (48, 30), (48, 35), (48, 40), (160, 45), (128, 50), (128, 55), (112, 60)]
2017-05-29 17:39:02, [(96, -60), (128, -55), (288, -50), (288, -45), (176, -40), (176, -35), (176, -30), (160, -25), (176, -20), (192, -15), (160, -10), (144, -5), (128, 0), (128, 5), (144, 10), (160, 15), (240, 20), (224, 25), (224, 30), (208, 35), (208, 40), (192, 45), (224, 50), (288, 55), (288, 60)]
2017-05-29 17:39:03, [(128, -60), (128, -55), (304, -50), (288, -45), (176, -40), (176, -35), (192, -30), (192, -25), (192, -20), (192, -15), (224, -10), (160, -5), (144, 0), (128, 5), (144, 10), (144, 15), (240, 20), (224, 25), (160, 30), (208, 35), (208, 40), (192, 45), (320, 50), (304, 55), (288, 60)]
2017-05-29 17:39:03, [(128, -60), (128, -55), (288, -50), (272, -45), (176, -40), (176, -35), (176, -30), (192, -25), (48, -20), (48, -15), (32, -10), (32, -5), (32, 0), (32, 5), (32, 10), (48, 15), (48, 20), (48, 25), (48, 30), (48, 35), (48, 40), (192, 45), (208, 50), (288, 55), (288, 60)]
2017-05-29 17:39:03, [(128, -60), (128, -55), (288, -50), (288, -45), (176, -40), (176, -35), (192, -30), (192, -25), (192, -20), (192, -15), (144, -10), (112, -5), (112, 0), (96, 5), (112, 10), (112, 15), (48, 20), (48, 25), (48, 30), (48, 35), (48, 40), (192, 45), (304, 50), (288, 55), (272, 60)]
2017-05-29 17:39:03, [(128, -60), (128, -55), (288, -50), (192, -45), (176, -40), (176, -35), (192, -30), (192, -25), (192, -20), (208, -15), (176, -10), (144, -5), (128, 0), (144, 5), (144, 10), (144, 15), (208, 20), (224, 25), (160, 30), (208, 35), (176, 40), (192, 45), (304, 50), (288, 55), (288, 60)]
2017-05-29 17:39:03, [(128, -60), (128, -55), (288, -50), (288, -45), (176, -40), (176, -35), (192, -30), (192, -25), (160, -20), (160, -15), (192, -10), (144, -5), (128, 0), (144, 5), (144, 10), (144, 15), (224, 20), (224, 25), (160, 30), (208, 35), (208, 40), (192, 45), (256, 50), (256, 55), (288, 60)]
2017-05-29 17:39:03, [(48, -60), (48, -55), (48, -50), (48, -45), (48, -40), (48, -35), (48, -30), (48, -25), (48, -20), (48, -15), (32, -10), (32, -5), (32, 0), (32, 5), (32, 10), (48, 15), (48, 20), (48, 25), (48, 30), (48, 35), (48, 40), (48, 45), (64, 50), (64, 55), (64, 60)]
2017-05-29 17:39:03, [(128, -60), (128, -55), (288, -50), (288, -45), (176, -40), (176, -35), (176, -30), (192, -25), (48, -20), (48, -15), (32, -10), (32, -5), (144, 0), (128, 5), (144, 10), (144, 15), (224, 20), (240, 25), (208, 30), (208, 35), (208, 40), (192, 45), (224, 50), (304, 55), (288, 60)]
2017-05-29 17:39:03, [(272, -60), (224, -55), (288, -50), (288, -45), (176, -40), (176, -35), (192, -30), (192, -25), (48, -20), (48, -15), (32, -10), (32, -5), (144, 0), (128, 5), (144, 10), (144, 15), (224, 20), (224, 25), (160, 30), (208, 35), (208, 40), (192, 45), (256, 50), (304, 55), (288, 60)]
2017-05-29 17:39:04, [(128, -60), (128, -55), (240, -50), (256, -45), (176, -40), (176, -35), (192, -30), (192, -25), (176, -20), (176, -15), (192, -10), (144, -5), (32, 0), (32, 5), (32, 10), (48, 15), (48, 20), (48, 25), (48, 30), (48, 35), (48, 40), (192, 45), (256, 50), (304, 55), (288, 60)]
2017-05-29 17:39:04, [(144, -60), (272, -55), (288, -50), (272, -45), (176, -40), (176, -35), (176, -30), (192, -25), (48, -20), (48, -15), (32, -10), (32, -5), (32, 0), (32, 5), (32, 10), (48, 15), (48, 20), (48, 25), (48, 30), (48, 35), (48, 40), (192, 45), (224, 50), (288, 55), (288, 60)]
2017-05-29 17:39:04, [(128, -60), (128, -55), (288, -50), (288, -45), (176, -40), (176, -35), (176, -30), (192, -25), (48, -20), (48, -15), (32, -10), (32, -5), (32, 0), (32, 5), (32, 10), (32, 15), (32, 20), (48, 25), (48, 30), (48, 35), (48, 40), (192, 45), (224, 50), (80, 55), (80, 60)]
2017-05-29 17:39:04, [(256, -60), (256, -55), (288, -50), (272, -45), (176, -40), (176, -35), (176, -30), (192, -25), (48, -20), (48, -15), (32, -10), (32, -5), (32, 0), (32, 5), (32, 10), (48, 15), (128, 20), (224, 25), (208, 30), (208, 35), (208, 40), (192, 45), (224, 50), (80, 55), (80, 60)]
2017-05-29 17:39:04, [(128, -60), (96, -55), (80, -50), (80, -45), (64, -40), (64, -35), (64, -30), (64, -25), (48, -20), (48, -15), (32, -10), (32, -5), (32, 0), (32, 5), (32, 10), (48, 15), (32, 20), (48, 25), (48, 30), (48, 35), (48, 40), (48, 45), (64, 50), (64, 55), (64, 60)]
2017-05-29 17:39:04, [(128, -60), (128, -55), (176, -50), (192, -45), (176, -40), (176, -35), (176, -30), (192, -25), (176, -20), (160, -15), (144, -10), (128, -5), (112, 0), (112, 5), (128, 10), (144, 15), (48, 20), (48, 25), (48, 30), (48, 35), (48, 40), (80, 45), (64, 50), (64, 55), (64, 60)]
2017-05-29 17:39:04, [(48, -60), (48, -55), (48, -50), (48, -45), (48, -40), (48, -35), (48, -30), (48, -25), (48, -20), (48, -15), (32, -10), (32, -5), (32, 0), (32, 5), (32, 10), (32, 15), (32, 20), (48, 25), (48, 30), (48, 35), (48, 40), (48, 45), (64, 50), (64, 55), (64, 60)]
2017-05-29 17:39:04, [(64, -60), (64, -55), (64, -50), (48, -45), (48, -40), (48, -35), (48, -30), (48, -25), (48, -20), (48, -15), (32, -10), (32, -5), (32, 0), (32, 5), (32, 10), (48, 15), (48, 20), (48, 25), (48, 30), (48, 35), (48, 40), (48, 45), (64, 50), (64, 55), (64, 60)]
2017-05-29 17:39:05, [(64, -60), (64, -55), (64, -50), (48, -45), (64, -40), (64, -35), (64, -30), (64, -25), (64, -20), (64, -15), (48, -10), (48, -5), (32, 0), (32, 5), (32, 10), (48, 15), (48, 20), (48, 25), (48, 30), (48, 35), (48, 40), (80, 45), (80, 50), (96, 55), (96, 60)]
2017-05-29 17:39:05, [(128, -60), (128, -55), (256, -50), (272, -45), (176, -40), (176, -35), (176, -30), (192, -25), (176, -20), (160, -15), (144, -10), (112, -5), (112, 0), (96, 5), (112, 10), (112, 15), (128, 20), (144, 25), (208, 30), (208, 35), (208, 40), (192, 45), (224, 50), (256, 55), (272, 60)]
2017-05-29 17:39:05, [(128, -60), (128, -55), (176, -50), (192, -45), (176, -40), (176, -35), (176, -30), (192, -25), (176, -20), (160, -15), (128, -10), (96, -5), (32, 0), (32, 5), (32, 10), (48, 15), (128, 20), (240, 25), (208, 30), (208, 35), (128, 40), (128, 45), (128, 50), (128, 55), (128, 60)]
2017-05-29 17:39:05, [(128, -60), (128, -55), (256, -50), (272, -45), (176, -40), (160, -35), (160, -30), (144, -25), (128, -20), (128, -15), (128, -10), (96, -5), (32, 0), (32, 5), (32, 10), (48, 15), (48, 20), (48, 25), (48, 30), (48, 35), (48, 40), (192, 45), (208, 50), (224, 55), (256, 60)]
2017-05-29 17:39:05, [(128, -60), (128, -55), (256, -50), (272, -45), (192, -40), (176, -35), (176, -30), (192, -25), (176, -20), (160, -15), (144, -10), (112, -5), (112, 0), (112, 5), (128, 10), (144, 15), (160, 20), (224, 25), (144, 30), (128, 35), (208, 40), (208, 45), (224, 50), (256, 55), (272, 60)]
2017-05-29 17:39:05, [(128, -60), (128, -55), (256, -50), (272, -45), (192, -40), (176, -35), (192, -30), (192, -25), (192, -20), (192, -15), (160, -10), (144, -5), (128, 0), (144, 5), (144, 10), (144, 15), (160, 20), (224, 25), (208, 30), (208, 35), (208, 40), (208, 45), (288, 50), (288, 55), (288, 60)]
2017-05-29 17:39:05, [(128, -60), (128, -55), (256, -50), (272, -45), (176, -40), (176, -35), (176, -30), (192, -25), (160, -20), (176, -15), (144, -10), (112, -5), (112, 0), (112, 5), (128, 10), (144, 15), (48, 20), (48, 25), (48, 30), (48, 35), (48, 40), (192, 45), (208, 50), (288, 55), (272, 60)]
2017-05-29 17:39:06, [(128, -60), (128, -55), (176, -50), (192, -45), (176, -40), (176, -35), (176, -30), (160, -25), (192, -20), (160, -15), (144, -10), (112, -5), (112, 0), (144, 5), (144, 10), (160, 15), (160, 20), (192, 25), (144, 30), (176, 35), (160, 40), (144, 45), (128, 50), (144, 55), (144, 60)]
2017-05-29 17:39:06, [(128, -60), (128, -55), (160, -50), (192, -45), (176, -40), (160, -35), (144, -30), (128, -25), (144, -20), (192, -15), (160, -10), (144, -5), (128, 0), (144, 5), (144, 10), (144, 15), (160, 20), (160, 25), (176, 30), (144, 35), (128, 40), (128, 45), (128, 50), (128, 55), (112, 60)]
2017-05-29 17:39:06, [(128, -60), (128, -55), (160, -50), (160, -45), (176, -40), (176, -35), (176, -30), (192, -25), (192, -20), (192, -15), (160, -10), (144, -5), (128, 0), (144, 5), (144, 10), (144, 15), (160, 20), (208, 25), (160, 30), (208, 35), (176, 40), (160, 45), (160, 50), (144, 55), (144, 60)]
2017-05-29 17:39:06, [(128, -60), (128, -55), (304, -50), (288, -45), (176, -40), (176, -35), (192, -30), (192, -25), (176, -20), (176, -15), (176, -10), (144, -5), (128, 0), (112, 5), (128, 10), (144, 15), (224, 20), (224, 25), (208, 30), (208, 35), (208, 40), (192, 45), (256, 50), (288, 55), (288, 60)]
2017-05-29 17:39:06, [(128, -60), (128, -55), (256, -50), (256, -45), (176, -40), (176, -35), (192, -30), (192, -25), (176, -20), (192, -15), (176, -10), (144, -5), (128, 0), (112, 5), (128, 10), (128, 15), (128, 20), (144, 25), (144, 30), (208, 35), (208, 40), (192, 45), (256, 50), (288, 55), (288, 60)]
2017-05-29 17:39:06, [(128, -60), (128, -55), (288, -50), (288, -45), (176, -40), (176, -35), (192, -30), (192, -25), (176, -20), (192, -15), (192, -10), (144, -5), (32, 0), (32, 5), (32, 10), (48, 15), (208, 20), (224, 25), (208, 30), (208, 35), (208, 40), (192, 45), (256, 50), (304, 55), (288, 60)]
2017-05-29 17:39:06, [(128, -60), (128, -55), (240, -50), (256, -45), (176, -40), (176, -35), (192, -30), (192, -25), (176, -20), (192, -15), (160, -10), (144, -5), (128, 0), (112, 5), (128, 10), (144, 15), (144, 20), (128, 25), (144, 30), (128, 35), (208, 40), (192, 45), (256, 50), (288, 55), (288, 60)]
2017-05-29 17:39:06, [(128, -60), (128, -55), (288, -50), (288, -45), (192, -40), (176, -35), (176, -30), (192, -25), (192, -20), (192, -15), (160, -10), (144, -5), (128, 0), (144, 5), (144, 10), (144, 15), (224, 20), (224, 25), (208, 30), (208, 35), (208, 40), (208, 45), (224, 50), (288, 55), (288, 60)]
2017-05-29 17:39:07, [(128, -60), (128, -55), (160, -50), (160, -45), (176, -40), (176, -35), (176, -30), (192, -25), (176, -20), (192, -15), (160, -10), (144, -5), (128, 0), (144, 5), (144, 10), (144, 15), (224, 20), (224, 25), (160, 30), (208, 35), (192, 40), (192, 45), (176, 50), (288, 55), (288, 60)]
2017-05-29 17:39:07, [(128, -60), (128, -55), (288, -50), (272, -45), (176, -40), (208, -35), (192, -30), (192, -25), (160, -20), (160, -15), (192, -10), (160, -5), (144, 0), (144, 5), (128, 10), (144, 15), (224, 20), (224, 25), (144, 30), (208, 35), (192, 40), (192, 45), (256, 50), (256, 55), (288, 60)]
2017-05-29 17:39:07, [(128, -60), (128, -55), (160, -50), (160, -45), (176, -40), (176, -35), (192, -30), (192, -25), (160, -20), (144, -15), (128, -10), (144, -5), (128, 0), (128, 5), (128, 10), (128, 15), (128, 20), (144, 25), (144, 30), (176, 35), (128, 40), (144, 45), (112, 50), (112, 55), (96, 60)]
2017-05-29 17:39:07, [(96, -60), (112, -55), (112, -50), (272, -45), (176, -40), (176, -35), (176, -30), (192, -25), (192, -20), (192, -15), (208, -10), (160, -5), (144, 0), (128, 5), (144, 10), (144, 15), (224, 20), (240, 25), (144, 30), (208, 35), (192, 40), (192, 45), (208, 50), (160, 55), (160, 60)]
2017-05-29 17:39:07, [(128, -60), (128, -55), (128, -50), (272, -45), (176, -40), (176, -35), (208, -30), (208, -25), (192, -20), (208, -15), (224, -10), (176, -5), (160, 0), (144, 5), (144, 10), (160, 15), (160, 20), (240, 25), (256, 30), (208, 35), (208, 40), (192, 45), (304, 50), (160, 55), (160, 60)]
2017-05-29 17:39:07, [(272, -60), (240, -55), (160, -50), (160, -45), (176, -40), (176, -35), (208, -30), (208, -25), (160, -20), (160, -15), (192, -10), (160, -5), (144, 0), (144, 5), (144, 10), (144, 15), (144, 20), (144, 25), (160, 30), (176, 35), (160, 40), (192, 45), (176, 50), (256, 55), (288, 60)]
2017-05-29 17:39:07, [(96, -60), (112, -55), (112, -50), (128, -45), (160, -40), (176, -35), (192, -30), (192, -25), (192, -20), (208, -15), (224, -10), (112, -5), (112, 0), (112, 5), (144, 10), (144, 15), (176, 20), (224, 25), (240, 30), (208, 35), (192, 40), (192, 45), (176, 50), (160, 55), (160, 60)]
2017-05-29 17:39:07, [(128, -60), (128, -55), (160, -50), (128, -45), (128, -40), (144, -35), (176, -30), (192, -25), (192, -20), (192, -15), (176, -10), (112, -5), (112, 0), (128, 5), (128, 10), (144, 15), (160, 20), (160, 25), (144, 30), (160, 35), (192, 40), (192, 45), (176, 50), (176, 55), (144, 60)]
2017-05-29 17:39:08, [(128, -60), (128, -55), (160, -50), (272, -45), (176, -40), (176, -35), (192, -30), (192, -25), (192, -20), (192, -15), (144, -10), (144, -5), (128, 0), (128, 5), (128, 10), (128, 15), (128, 20), (144, 25), (224, 30), (240, 35), (208, 40), (192, 45), (304, 50), (288, 55), (272, 60)]
2017-05-29 17:39:08, [(128, -60), (128, -55), (256, -50), (272, -45), (176, -40), (176, -35), (192, -30), (192, -25), (192, -20), (192, -15), (144, -10), (112, -5), (112, 0), (96, 5), (112, 10), (112, 15), (128, 20), (224, 25), (256, 30), (208, 35), (192, 40), (192, 45), (208, 50), (288, 55), (144, 60)]
2017-05-29 17:39:08, [(128, -60), (128, -55), (128, -50), (208, -45), (176, -40), (176, -35), (176, -30), (192, -25), (192, -20), (192, -15), (144, -10), (112, -5), (112, 0), (96, 5), (112, 10), (112, 15), (112, 20), (112, 25), (144, 30), (160, 35), (192, 40), (192, 45), (224, 50), (160, 55), (160, 60)]
2017-05-29 17:39:08, [(256, -60), (256, -55), (256, -50), (272, -45), (176, -40), (176, -35), (192, -30), (192, -25), (192, -20), (192, -15), (144, -10), (112, -5), (112, 0), (96, 5), (112, 10), (112, 15), (128, 20), (224, 25), (224, 30), (240, 35), (208, 40), (192, 45), (304, 50), (288, 55), (272, 60)]
2017-05-29 17:39:08, [(64, -60), (64, -55), (64, -50), (96, -45), (176, -40), (176, -35), (176, -30), (192, -25), (176, -20), (176, -15), (144, -10), (96, -5), (96, 0), (96, 5), (112, 10), (112, 15), (128, 20), (128, 25), (144, 30), (128, 35), (128, 40), (144, 45), (176, 50), (160, 55), (160, 60)]
2017-05-29 17:39:08, [(160, -60), (256, -55), (256, -50), (272, -45), (176, -40), (176, -35), (192, -30), (192, -25), (192, -20), (192, -15), (160, -10), (144, -5), (128, 0), (128, 5), (128, 10), (144, 15), (160, 20), (224, 25), (224, 30), (240, 35), (208, 40), (192, 45), (288, 50), (288, 55), (112, 60)]
2017-05-29 17:39:08, [(208, -60), (208, -55), (192, -50), (192, -45), (192, -40), (176, -35), (192, -30), (192, -25), (96, -20), (96, -15), (96, -10), (80, -5), (80, 0), (80, 5), (112, 10), (112, 15), (96, 20), (96, 25), (96, 30), (112, 35), (112, 40), (112, 45), (256, 50), (256, 55), (256, 60)]
2017-05-29 17:39:08, [(256, -60), (256, -55), (240, -50), (256, -45), (192, -40), (208, -35), (192, -30), (192, -25), (176, -20), (176, -15), (160, -10), (112, -5), (112, 0), (112, 5), (112, 10), (112, 15), (128, 20), (160, 25), (176, 30), (224, 35), (208, 40), (224, 45), (256, 50), (288, 55), (288, 60)]
2017-05-29 17:39:09, [(176, -60), (160, -55), (160, -50), (160, -45), (160, -40), (176, -35), (176, -30), (192, -25), (192, -20), (192, -15), (144, -10), (128, -5), (112, 0), (96, 5), (112, 10), (112, 15), (112, 20), (112, 25), (144, 30), (144, 35), (160, 40), (144, 45), (128, 50), (144, 55), (272, 60)]
2017-05-29 17:39:09, [(144, -60), (176, -55), (176, -50), (192, -45), (192, -40), (176, -35), (192, -30), (192, -25), (192, -20), (208, -15), (144, -10), (144, -5), (128, 0), (112, 5), (144, 10), (144, 15), (144, 20), (128, 25), (144, 30), (128, 35), (128, 40), (144, 45), (160, 50), (288, 55), (272, 60)]
2017-05-29 17:39:09, [(160, -60), (160, -55), (176, -50), (192, -45), (192, -40), (80, -35), (80, -30), (80, -25), (80, -20), (64, -15), (48, -10), (48, -5), (48, 0), (48, 5), (48, 10), (64, 15), (64, 20), (64, 25), (64, 30), (64, 35), (64, 40), (48, 45), (64, 50), (64, 55), (64, 60)]
2017-05-29 17:39:09, [(160, -60), (160, -55), (176, -50), (192, -45), (192, -40), (80, -35), (64, -30), (64, -25), (64, -20), (64, -15), (48, -10), (48, -5), (48, 0), (48, 5), (48, 10), (64, 15), (64, 20), (64, 25), (64, 30), (64, 35), (64, 40), (80, 45), (64, 50), (64, 55), (64, 60)]
2017-05-29 17:39:09, [(256, -60), (240, -55), (240, -50), (240, -45), (176, -40), (176, -35), (192, -30), (192, -25), (192, -20), (160, -15), (144, -10), (128, -5), (112, 0), (96, 5), (112, 10), (112, 15), (112, 20), (112, 25), (176, 30), (224, 35), (208, 40), (192, 45), (272, 50), (256, 55), (272, 60)]
2017-05-29 17:39:09, [(144, -60), (240, -55), (256, -50), (48, -45), (112, -40), (176, -35), (176, -30), (192, -25), (160, -20), (192, -15), (160, -10), (144, -5), (128, 0), (144, 5), (144, 10), (144, 15), (144, 20), (128, 25), (112, 30), (208, 35), (208, 40), (192, 45), (176, 50), (192, 55), (192, 60)]
2017-05-29 17:39:09, [(208, -60), (208, -55), (208, -50), (208, -45), (192, -40), (176, -35), (192, -30), (192, -25), (128, -20), (112, -15), (96, -10), (80, -5), (80, 0), (80, 5), (96, 10), (96, 15), (112, 20), (112, 25), (144, 30), (128, 35), (192, 40), (208, 45), (256, 50), (256, 55), (256, 60)]
2017-05-29 17:39:10, [(224, -60), (240, -55), (240, -50), (240, -45), (192, -40), (160, -35), (96, -30), (96, -25), (80, -20), (80, -15), (64, -10), (64, -5), (64, 0), (64, 5), (64, 10), (80, 15), (80, 20), (96, 25), (96, 30), (240, 35), (208, 40), (208, 45), (224, 50), (224, 55), (224, 60)]
2017-05-29 17:39:10, [(256, -60), (240, -55), (240, -50), (256, -45), (192, -40), (176, -35), (192, -30), (192, -25), (192, -20), (208, -15), (144, -10), (96, -5), (96, 0), (96, 5), (112, 10), (112, 15), (112, 20), (112, 25), (208, 30), (208, 35), (208, 40), (208, 45), (304, 50), (288, 55), (272, 60)]
2017-05-29 17:39:10, [(160, -60), (160, -55), (176, -50), (48, -45), (48, -40), (48, -35), (48, -30), (48, -25), (48, -20), (48, -15), (32, -10), (32, -5), (96, 0), (80, 5), (96, 10), (96, 15), (96, 20), (96, 25), (96, 30), (112, 35), (112, 40), (96, 45), (96, 50), (80, 55), (80, 60)]
2017-05-29 17:39:10, [(240, -60), (224, -55), (240, -50), (256, -45), (192, -40), (176, -35), (192, -30), (192, -25), (192, -20), (208, -15), (144, -10), (112, -5), (112, 0), (96, 5), (112, 10), (112, 15), (112, 20), (112, 25), (160, 30), (208, 35), (208, 40), (208, 45), (288, 50), (288, 55), (272, 60)]
2017-05-29 17:39:10, [(160, -60), (160, -55), (176, -50), (192, -45), (192, -40), (208, -35), (192, -30), (192, -25), (192, -20), (208, -15), (144, -10), (128, -5), (112, 0), (96, 5), (112, 10), (112, 15), (128, 20), (144, 25), (144, 30), (112, 35), (112, 40), (96, 45), (112, 50), (112, 55), (96, 60)]
2017-05-29 17:39:10, [(48, -60), (48, -55), (48, -50), (48, -45), (48, -40), (48, -35), (48, -30), (48, -25), (48, -20), (48, -15), (32, -10), (32, -5), (32, 0), (32, 5), (32, 10), (48, 15), (48, 20), (48, 25), (48, 30), (48, 35), (48, 40), (48, 45), (64, 50), (64, 55), (64, 60)]
2017-05-29 17:39:10, [(64, -60), (64, -55), (64, -50), (48, -45), (48, -40), (48, -35), (48, -30), (48, -25), (48, -20), (48, -15), (32, -10), (32, -5), (32, 0), (32, 5), (32, 10), (48, 15), (64, 20), (64, 25), (64, 30), (160, 35), (160, 40), (192, 45), (176, 50), (160, 55), (160, 60)]
2017-05-29 17:39:10, [(128, -60), (128, -55), (240, -50), (256, -45), (192, -40), (176, -35), (192, -30), (192, -25), (192, -20), (192, -15), (144, -10), (96, -5), (96, 0), (96, 5), (112, 10), (112, 15), (112, 20), (112, 25), (224, 30), (224, 35), (208, 40), (208, 45), (304, 50), (288, 55), (272, 60)]
2017-05-29 17:39:11, [(96, -60), (112, -55), (112, -50), (128, -45), (48, -40), (48, -35), (48, -30), (48, -25), (160, -20), (192, -15), (144, -10), (112, -5), (112, 0), (96, 5), (112, 10), (112, 15), (128, 20), (144, 25), (144, 30), (144, 35), (160, 40), (144, 45), (160, 50), (160, 55), (160, 60)]
2017-05-29 17:39:11, [(48, -60), (48, -55), (48, -50), (48, -45), (48, -40), (48, -35), (48, -30), (48, -25), (48, -20), (48, -15), (32, -10), (32, -5), (32, 0), (32, 5), (32, 10), (48, 15), (48, 20), (48, 25), (48, 30), (48, 35), (48, 40), (80, 45), (80, 50), (160, 55), (160, 60)]
2017-05-29 17:39:11, [(96, -60), (96, -55), (80, -50), (80, -45), (64, -40), (64, -35), (64, -30), (64, -25), (64, -20), (64, -15), (48, -10), (48, -5), (32, 0), (32, 5), (32, 10), (48, 15), (48, 20), (48, 25), (48, 30), (48, 35), (48, 40), (144, 45), (128, 50), (144, 55), (144, 60)]
2017-05-29 17:39:11, [(160, -60), (160, -55), (176, -50), (192, -45), (192, -40), (208, -35), (192, -30), (192, -25), (192, -20), (192, -15), (144, -10), (128, -5), (112, 0), (96, 5), (112, 10), (112, 15), (112, 20), (112, 25), (192, 30), (176, 35), (160, 40), (144, 45), (112, 50), (112, 55), (96, 60)]
2017-05-29 17:39:11, [(96, -60), (96, -55), (96, -50), (96, -45), (112, -40), (144, -35), (192, -30), (192, -25), (192, -20), (192, -15), (144, -10), (96, -5), (96, 0), (96, 5), (96, 10), (96, 15), (112, 20), (112, 25), (144, 30), (128, 35), (128, 40), (144, 45), (176, 50), (160, 55), (160, 60)]
2017-05-29 17:39:11, [(144, -60), (144, -55), (160, -50), (160, -45), (160, -40), (176, -35), (192, -30), (192, -25), (192, -20), (208, -15), (144, -10), (112, -5), (112, 0), (96, 5), (112, 10), (112, 15), (112, 20), (112, 25), (144, 30), (112, 35), (112, 40), (112, 45), (128, 50), (128, 55), (96, 60)]
2017-05-29 17:39:11, [(160, -60), (160, -55), (176, -50), (192, -45), (192, -40), (176, -35), (192, -30), (192, -25), (192, -20), (192, -15), (144, -10), (128, -5), (112, 0), (96, 5), (112, 10), (112, 15), (128, 20), (144, 25), (144, 30), (112, 35), (112, 40), (112, 45), (112, 50), (112, 55), (128, 60)]
2017-05-29 17:39:11, [(160, -60), (208, -55), (176, -50), (96, -45), (160, -40), (176, -35), (192, -30), (192, -25), (160, -20), (208, -15), (144, -10), (144, -5), (128, 0), (112, 5), (128, 10), (128, 15), (128, 20), (128, 25), (144, 30), (112, 35), (112, 40), (112, 45), (128, 50), (176, 55), (112, 60)]
2017-05-29 17:39:12, [(128, -60), (128, -55), (128, -50), (144, -45), (160, -40), (176, -35), (192, -30), (192, -25), (192, -20), (192, -15), (144, -10), (96, -5), (96, 0), (80, 5), (96, 10), (96, 15), (96, 20), (96, 25), (96, 30), (176, 35), (160, 40), (48, 45), (128, 50), (144, 55), (160, 60)]
2017-05-29 17:39:12, [(128, -60), (128, -55), (128, -50), (160, -45), (176, -40), (208, -35), (192, -30), (192, -25), (192, -20), (192, -15), (144, -10), (112, -5), (112, 0), (112, 5), (112, 10), (112, 15), (112, 20), (112, 25), (144, 30), (128, 35), (128, 40), (128, 45), (64, 50), (64, 55), (64, 60)]
2017-05-29 17:39:12, [(96, -60), (96, -55), (80, -50), (80, -45), (64, -40), (64, -35), (64, -30), (64, -25), (64, -20), (64, -15), (48, -10), (48, -5), (48, 0), (48, 5), (48, 10), (64, 15), (64, 20), (64, 25), (64, 30), (64, 35), (64, 40), (80, 45), (80, 50), (96, 55), (144, 60)]
2017-05-29 17:39:12, [(256, -60), (240, -55), (240, -50), (256, -45), (176, -40), (176, -35), (192, -30), (192, -25), (192, -20), (192, -15), (144, -10), (144, -5), (128, 0), (128, 5), (128, 10), (128, 15), (128, 20), (144, 25), (208, 30), (224, 35), (192, 40), (192, 45), (288, 50), (288, 55), (272, 60)]
2017-05-29 17:39:12, [(144, -60), (144, -55), (160, -50), (160, -45), (192, -40), (176, -35), (96, -30), (96, -25), (80, -20), (64, -15), (48, -10), (48, -5), (48, 0), (48, 5), (48, 10), (64, 15), (64, 20), (64, 25), (64, 30), (64, 35), (64, 40), (80, 45), (80, 50), (160, 55), (160, 60)]
2017-05-29 17:39:12, [(96, -60), (96, -55), (80, -50), (80, -45), (64, -40), (64, -35), (64, -30), (64, -25), (64, -20), (64, -15), (48, -10), (48, -5), (48, 0), (48, 5), (48, 10), (64, 15), (64, 20), (64, 25), (64, 30), (80, 35), (128, 40), (144, 45), (112, 50), (80, 55), (80, 60)]
2017-05-29 17:39:12, [(128, -60), (128, -55), (128, -50), (144, -45), (176, -40), (208, -35), (192, -30), (192, -25), (208, -20), (192, -15), (144, -10), (112, -5), (112, 0), (96, 5), (112, 10), (112, 15), (112, 20), (112, 25), (208, 30), (176, 35), (160, 40), (144, 45), (128, 50), (128, 55), (128, 60)]
2017-05-29 17:39:12, [(224, -60), (176, -55), (176, -50), (192, -45), (192, -40), (176, -35), (176, -30), (160, -25), (160, -20), (192, -15), (144, -10), (96, -5), (96, 0), (80, 5), (96, 10), (96, 15), (96, 20), (96, 25), (96, 30), (176, 35), (160, 40), (144, 45), (224, 50), (288, 55), (272, 60)]
2017-05-29 17:39:13, [(224, -60), (176, -55), (176, -50), (192, -45), (192, -40), (176, -35), (208, -30), (224, -25), (192, -20), (192, -15), (144, -10), (96, -5), (96, 0), (96, 5), (96, 10), (96, 15), (96, 20), (96, 25), (96, 30), (176, 35), (160, 40), (144, 45), (160, 50), (288, 55), (272, 60)]
2017-05-29 17:39:13, [(48, -60), (48, -55), (48, -50), (144, -45), (160, -40), (176, -35), (208, -30), (208, -25), (176, -20), (176, -15), (144, -10), (112, -5), (112, 0), (112, 5), (112, 10), (112, 15), (112, 20), (112, 25), (192, 30), (208, 35), (208, 40), (192, 45), (176, 50), (160, 55), (160, 60)]
2017-05-29 17:39:13, [(48, -60), (48, -55), (48, -50), (144, -45), (160, -40), (176, -35), (160, -30), (144, -25), (144, -20), (176, -15), (144, -10), (112, -5), (112, 0), (96, 5), (112, 10), (112, 15), (112, 20), (112, 25), (208, 30), (144, 35), (160, 40), (144, 45), (128, 50), (128, 55), (128, 60)]
2017-05-29 17:39:13, [(96, -60), (112, -55), (112, -50), (96, -45), (96, -40), (80, -35), (80, -30), (80, -25), (80, -20), (80, -15), (64, -10), (64, -5), (64, 0), (64, 5), (64, 10), (80, 15), (80, 20), (80, 25), (80, 30), (80, 35), (96, 40), (128, 45), (112, 50), (112, 55), (144, 60)]
2017-05-29 17:39:13, [(128, -60), (128, -55), (128, -50), (144, -45), (160, -40), (176, -35), (160, -30), (144, -25), (144, -20), (192, -15), (144, -10), (96, -5), (96, 0), (80, 5), (96, 10), (96, 15), (96, 20), (96, 25), (96, 30), (144, 35), (128, 40), (144, 45), (160, 50), (144, 55), (160, 60)]
2017-05-29 17:39:13, [(128, -60), (128, -55), (128, -50), (144, -45), (160, -40), (176, -35), (192, -30), (160, -25), (160, -20), (176, -15), (144, -10), (96, -5), (96, 0), (80, 5), (96, 10), (96, 15), (96, 20), (96, 25), (96, 30), (208, 35), (208, 40), (192, 45), (176, 50), (160, 55), (160, 60)]
2017-05-29 17:39:13, [(208, -60), (208, -55), (192, -50), (160, -45), (176, -40), (144, -35), (144, -30), (208, -25), (160, -20), (176, -15), (144, -10), (96, -5), (96, 0), (80, 5), (96, 10), (96, 15), (96, 20), (96, 25), (96, 30), (128, 35), (128, 40), (192, 45), (176, 50), (208, 55), (272, 60)]
2017-05-29 17:39:13, [(160, -60), (160, -55), (176, -50), (192, -45), (192, -40), (208, -35), (192, -30), (192, -25), (160, -20), (160, -15), (144, -10), (144, -5), (128, 0), (128, 5), (128, 10), (128, 15), (112, 20), (112, 25), (144, 30), (112, 35), (112, 40), (112, 45), (128, 50), (128, 55), (128, 60)]
2017-05-29 17:39:14, [(128, -60), (128, -55), (128, -50), (144, -45), (160, -40), (176, -35), (176, -30), (192, -25), (176, -20), (192, -15), (176, -10), (144, -5), (48, 0), (48, 5), (48, 10), (64, 15), (64, 20), (64, 25), (64, 30), (80, 35), (96, 40), (192, 45), (176, 50), (160, 55), (160, 60)]
2017-05-29 17:39:14, [(160, -60), (160, -55), (176, -50), (192, -45), (208, -40), (224, -35), (144, -30), (128, -25), (128, -20), (128, -15), (128, -10), (128, -5), (112, 0), (96, 5), (112, 10), (112, 15), (128, 20), (144, 25), (144, 30), (112, 35), (112, 40), (112, 45), (112, 50), (112, 55), (96, 60)]
2017-05-29 17:39:14, [(96, -60), (112, -55), (112, -50), (144, -45), (160, -40), (176, -35), (160, -30), (144, -25), (144, -20), (176, -15), (144, -10), (112, -5), (112, 0), (96, 5), (112, 10), (112, 15), (112, 20), (112, 25), (192, 30), (176, 35), (160, 40), (144, 45), (128, 50), (160, 55), (160, 60)]
2017-05-29 17:39:14, [(128, -60), (128, -55), (128, -50), (144, -45), (160, -40), (144, -35), (160, -30), (144, -25), (144, -20), (160, -15), (144, -10), (96, -5), (96, 0), (80, 5), (96, 10), (80, 15), (80, 20), (80, 25), (80, 30), (80, 35), (96, 40), (192, 45), (176, 50), (160, 55), (160, 60)]
2017-05-29 17:39:14, [(48, -60), (48, -55), (48, -50), (48, -45), (160, -40), (176, -35), (160, -30), (144, -25), (144, -20), (160, -15), (144, -10), (112, -5), (144, 0), (128, 5), (128, 10), (128, 15), (128, 20), (144, 25), (192, 30), (176, 35), (160, 40), (144, 45), (128, 50), (144, 55), (112, 60)]
2017-05-29 17:39:14, [(128, -60), (128, -55), (128, -50), (144, -45), (160, -40), (176, -35), (160, -30), (144, -25), (144, -20), (176, -15), (144, -10), (112, -5), (112, 0), (96, 5), (112, 10), (112, 15), (112, 20), (128, 25), (208, 30), (208, 35), (176, 40), (144, 45), (128, 50), (80, 55), (80, 60)]
2017-05-29 17:39:14, [(96, -60), (112, -55), (112, -50), (128, -45), (128, -40), (144, -35), (176, -30), (160, -25), (160, -20), (176, -15), (144, -10), (112, -5), (112, 0), (96, 5), (112, 10), (112, 15), (112, 20), (112, 25), (160, 30), (208, 35), (208, 40), (192, 45), (176, 50), (160, 55), (160, 60)]
2017-05-29 17:39:14, [(128, -60), (128, -55), (128, -50), (144, -45), (160, -40), (192, -35), (176, -30), (160, -25), (160, -20), (160, -15), (144, -10), (112, -5), (112, 0), (96, 5), (128, 10), (128, 15), (128, 20), (144, 25), (144, 30), (112, 35), (112, 40), (112, 45), (128, 50), (144, 55), (160, 60)]
2017-05-29 17:39:15, [(128, -60), (128, -55), (128, -50), (144, -45), (160, -40), (160, -35), (160, -30), (160, -25), (160, -20), (176, -15), (144, -10), (96, -5), (96, 0), (80, 5), (96, 10), (96, 15), (96, 20), (96, 25), (96, 30), (208, 35), (192, 40), (192, 45), (96, 50), (96, 55), (160, 60)]
2017-05-29 17:39:15, [(128, -60), (128, -55), (128, -50), (144, -45), (160, -40), (160, -35), (176, -30), (176, -25), (160, -20), (112, -15), (96, -10), (80, -5), (80, 0), (64, 5), (64, 10), (80, 15), (80, 20), (96, 25), (96, 30), (208, 35), (192, 40), (192, 45), (176, 50), (160, 55), (160, 60)]
2017-05-29 17:39:15, [(128, -60), (128, -55), (128, -50), (144, -45), (160, -40), (144, -35), (192, -30), (160, -25), (160, -20), (176, -15), (96, -10), (80, -5), (64, 0), (64, 5), (64, 10), (80, 15), (80, 20), (128, 25), (192, 30), (176, 35), (192, 40), (192, 45), (176, 50), (80, 55), (80, 60)]
2017-05-29 17:39:15, [(224, -60), (256, -55), (256, -50), (160, -45), (160, -40), (160, -35), (160, -30), (128, -25), (80, -20), (80, -15), (64, -10), (64, -5), (64, 0), (64, 5), (64, 10), (64, 15), (64, 20), (64, 25), (64, 30), (64, 35), (64, 40), (192, 45), (176, 50), (224, 55), (224, 60)]
2017-05-29 17:39:15, [(80, -60), (80, -55), (96, -50), (96, -45), (128, -40), (160, -35), (160, -30), (160, -25), (160, -20), (176, -15), (144, -10), (128, -5), (112, 0), (112, 5), (128, 10), (128, 15), (128, 20), (192, 25), (176, 30), (176, 35), (208, 40), (192, 45), (176, 50), (160, 55), (160, 60)]
2017-05-29 17:39:15, [(256, -60), (240, -55), (128, -50), (144, -45), (160, -40), (144, -35), (160, -30), (144, -25), (144, -20), (160, -15), (144, -10), (112, -5), (112, 0), (112, 5), (112, 10), (112, 15), (96, 20), (96, 25), (96, 30), (176, 35), (176, 40), (192, 45), (176, 50), (176, 55), (176, 60)]
2017-05-29 17:39:15, [(128, -60), (128, -55), (160, -50), (160, -45), (160, -40), (144, -35), (144, -30), (144, -25), (144, -20), (160, -15), (176, -10), (176, -5), (112, 0), (96, 5), (96, 10), (96, 15), (160, 20), (176, 25), (192, 30), (208, 35), (208, 40), (192, 45), (176, 50), (160, 55), (160, 60)]
2017-05-29 17:39:16, [(128, -60), (112, -55), (112, -50), (160, -45), (144, -40), (144, -35), (144, -30), (128, -25), (144, -20), (144, -15), (160, -10), (176, -5), (128, 0), (96, 5), (96, 10), (96, 15), (96, 20), (96, 25), (96, 30), (208, 35), (192, 40), (192, 45), (176, 50), (160, 55), (160, 60)]
2017-05-29 17:39:16, [(128, -60), (128, -55), (128, -50), (128, -45), (128, -40), (128, -35), (144, -30), (128, -25), (144, -20), (144, -15), (160, -10), (96, -5), (96, 0), (96, 5), (96, 10), (96, 15), (96, 20), (96, 25), (96, 30), (128, 35), (176, 40), (192, 45), (176, 50), (160, 55), (160, 60)]
2017-05-29 17:39:16, [(128, -60), (128, -55), (128, -50), (128, -45), (128, -40), (128, -35), (128, -30), (128, -25), (128, -20), (128, -15), (144, -10), (160, -5), (160, 0), (96, 5), (96, 10), (96, 15), (96, 20), (96, 25), (96, 30), (128, 35), (176, 40), (192, 45), (176, 50), (160, 55), (160, 60)]
2017-05-29 17:39:16, [(80, -60), (80, -55), (112, -50), (96, -45), (112, -40), (112, -35), (112, -30), (112, -25), (112, -20), (112, -15), (112, -10), (112, -5), (128, 0), (144, 5), (112, 10), (112, 15), (96, 20), (96, 25), (96, 30), (112, 35), (112, 40), (160, 45), (176, 50), (160, 55), (160, 60)]
2017-05-29 17:39:16, [(48, -60), (48, -55), (48, -50), (48, -45), (80, -40), (128, -35), (112, -30), (128, -25), (128, -20), (128, -15), (128, -10), (112, -5), (112, 0), (112, 5), (112, 10), (128, 15), (128, 20), (128, 25), (112, 30), (112, 35), (112, 40), (112, 45), (176, 50), (160, 55), (160, 60)]
2017-05-29 17:39:16, [(160, -60), (160, -55), (176, -50), (112, -45), (112, -40), (80, -35), (64, -30), (64, -25), (64, -20), (80, -15), (80, -10), (64, -5), (64, 0), (48, 5), (48, 10), (112, 15), (112, 20), (112, 25), (112, 30), (128, 35), (112, 40), (128, 45), (128, 50), (128, 55), (128, 60)]
2017-05-29 17:39:16, [(160, -60), (144, -55), (176, -50), (192, -45), (160, -40), (112, -35), (96, -30), (96, -25), (96, -20), (96, -15), (96, -10), (80, -5), (80, 0), (80, 5), (64, 10), (64, 15), (48, 20), (48, 25), (48, 30), (48, 35), (48, 40), (48, 45), (64, 50), (64, 55), (80, 60)]
2017-05-29 17:39:16, [(160, -60), (144, -55), (128, -50), (128, -45), (128, -40), (128, -35), (112, -30), (112, -25), (112, -20), (112, -15), (96, -10), (80, -5), (80, 0), (80, 5), (80, 10), (80, 15), (80, 20), (96, 25), (96, 30), (112, 35), (112, 40), (96, 45), (96, 50), (80, 55), (80, 60)]
2017-05-29 17:39:17, [(144, -60), (144, -55), (128, -50), (128, -45), (112, -40), (112, -35), (128, -30), (112, -25), (112, -20), (112, -15), (96, -10), (80, -5), (80, 0), (80, 5), (96, 10), (80, 15), (80, 20), (80, 25), (80, 30), (80, 35), (96, 40), (96, 45), (96, 50), (96, 55), (96, 60)]
2017-05-29 17:39:17, [(144, -60), (144, -55), (128, -50), (112, -45), (112, -40), (112, -35), (112, -30), (128, -25), (144, -20), (208, -15), (208, -10), (80, -5), (80, 0), (80, 5), (96, 10), (80, 15), (80, 20), (80, 25), (80, 30), (64, 35), (64, 40), (80, 45), (80, 50), (96, 55), (96, 60)]
2017-05-29 17:39:17, [(160, -60), (112, -55), (112, -50), (96, -45), (96, -40), (80, -35), (80, -30), (80, -25), (80, -20), (80, -15), (80, -10), (80, -5), (128, 0), (368, 5), (416, 10), (256, 15), (240, 20), (192, 25), (176, 30), (144, 35), (128, 40), (128, 45), (96, 50), (96, 55), (96, 60)]
2017-05-29 17:39:17, [(160, -60), (144, -55), (128, -50), (112, -45), (112, -40), (112, -35), (96, -30), (96, -25), (96, -20), (96, -15), (96, -10), (96, -5), (80, 0), (80, 5), (80, 10), (144, 15), (160, 20), (160, 25), (176, 30), (144, 35), (128, 40), (144, 45), (128, 50), (128, 55), (128, 60)]
2017-05-29 17:39:17, [(160, -60), (144, -55), (128, -50), (128, -45), (112, -40), (112, -35), (96, -30), (96, -25), (96, -20), (96, -15), (96, -10), (80, -5), (80, 0), (80, 5), (144, 10), (144, 15), (144, 20), (128, 25), (144, 30), (96, 35), (96, 40), (96, 45), (112, 50), (112, 55), (112, 60)]
2017-05-29 17:39:17, [(160, -60), (144, -55), (128, -50), (128, -45), (112, -40), (112, -35), (96, -30), (96, -25), (96, -20), (96, -15), (96, -10), (96, -5), (96, 0), (96, 5), (144, 10), (144, 15), (384, 20), (256, 25), (208, 30), (112, 35), (112, 40), (96, 45), (112, 50), (112, 55), (112, 60)]
2017-05-29 17:39:17, [(144, -60), (144, -55), (144, -50), (128, -45), (112, -40), (112, -35), (96, -30), (96, -25), (96, -20), (96, -15), (96, -10), (80, -5), (80, 0), (80, 5), (144, 10), (144, 15), (192, 20), (192, 25), (192, 30), (112, 35), (112, 40), (96, 45), (112, 50), (112, 55), (112, 60)]
2017-05-29 17:39:18, [(128, -60), (112, -55), (112, -50), (128, -45), (112, -40), (112, -35), (96, -30), (96, -25), (96, -20), (96, -15), (96, -10), (80, -5), (64, 0), (64, 5), (64, 10), (160, 15), (384, 20), (240, 25), (208, 30), (112, 35), (112, 40), (96, 45), (112, 50), (112, 55), (112, 60)]
2017-05-29 17:39:18, [(128, -60), (112, -55), (112, -50), (128, -45), (112, -40), (112, -35), (96, -30), (96, -25), (96, -20), (96, -15), (96, -10), (80, -5), (64, 0), (64, 5), (64, 10), (96, 15), (384, 20), (240, 25), (208, 30), (112, 35), (112, 40), (96, 45), (112, 50), (112, 55), (112, 60)]
2017-05-29 17:39:18, [(128, -60), (128, -55), (128, -50), (128, -45), (112, -40), (112, -35), (96, -30), (96, -25), (96, -20), (96, -15), (64, -10), (64, -5), (80, 0), (80, 5), (144, 10), (144, 15), (144, 20), (144, 25), (144, 30), (112, 35), (112, 40), (96, 45), (112, 50), (112, 55), (112, 60)]
2017-05-29 17:39:18, [(128, -60), (128, -55), (128, -50), (128, -45), (112, -40), (112, -35), (96, -30), (96, -25), (96, -20), (96, -15), (96, -10), (80, -5), (64, 0), (64, 5), (64, 10), (160, 15), (256, 20), (240, 25), (96, 30), (96, 35), (96, 40), (144, 45), (128, 50), (144, 55), (112, 60)]
2017-05-29 17:39:18, [(128, -60), (112, -55), (112, -50), (112, -45), (112, -40), (112, -35), (96, -30), (96, -25), (96, -20), (96, -15), (64, -10), (64, -5), (80, 0), (160, 5), (160, 10), (160, 15), (208, 20), (240, 25), (96, 30), (96, 35), (96, 40), (96, 45), (112, 50), (112, 55), (96, 60)]
2017-05-29 17:39:18, [(160, -60), (160, -55), (144, -50), (112, -45), (112, -40), (112, -35), (96, -30), (96, -25), (96, -20), (96, -15), (96, -10), (80, -5), (80, 0), (80, 5), (144, 10), (144, 15), (192, 20), (240, 25), (144, 30), (112, 35), (112, 40), (96, 45), (112, 50), (112, 55), (112, 60)]
2017-05-29 17:39:18, [(128, -60), (112, -55), (112, -50), (96, -45), (96, -40), (96, -35), (96, -30), (96, -25), (96, -20), (96, -15), (96, -10), (96, -5), (96, 0), (96, 5), (144, 10), (144, 15), (240, 20), (192, 25), (144, 30), (112, 35), (112, 40), (96, 45), (112, 50), (112, 55), (128, 60)]
2017-05-29 17:39:18, [(160, -60), (144, -55), (144, -50), (128, -45), (112, -40), (112, -35), (96, -30), (96, -25), (112, -20), (112, -15), (112, -10), (112, -5), (112, 0), (112, 5), (112, 10), (112, 15), (240, 20), (192, 25), (112, 30), (112, 35), (112, 40), (112, 45), (128, 50), (144, 55), (144, 60)]
2017-05-29 17:39:19, [(128, -60), (112, -55), (112, -50), (96, -45), (112, -40), (112, -35), (96, -30), (96, -25), (96, -20), (96, -15), (112, -10), (112, -5), (112, 0), (112, 5), (112, 10), (112, 15), (112, 20), (112, 25), (128, 30), (128, 35), (128, 40), (144, 45), (128, 50), (144, 55), (144, 60)]
2017-05-29 17:39:19, [(96, -60), (112, -55), (112, -50), (96, -45), (96, -40), (80, -35), (80, -30), (80, -25), (80, -20), (80, -15), (64, -10), (64, -5), (80, 0), (80, 5), (96, 10), (96, 15), (96, 20), (96, 25), (96, 30), (112, 35), (112, 40), (112, 45), (128, 50), (144, 55), (144, 60)]
2017-05-29 17:39:19, [(64, -60), (64, -55), (64, -50), (48, -45), (64, -40), (64, -35), (64, -30), (64, -25), (64, -20), (64, -15), (48, -10), (48, -5), (64, 0), (80, 5), (80, 10), (80, 15), (80, 20), (80, 25), (80, 30), (80, 35), (112, 40), (112, 45), (112, 50), (112, 55), (112, 60)]
2017-05-29 17:39:19, [(80, -60), (64, -55), (64, -50), (48, -45), (48, -40), (48, -35), (48, -30), (48, -25), (64, -20), (64, -15), (64, -10), (64, -5), (48, 0), (48, 5), (48, 10), (64, 15), (64, 20), (64, 25), (64, 30), (80, 35), (96, 40), (96, 45), (96, 50), (96, 55), (96, 60)]
2017-05-29 17:39:19, [(48, -60), (48, -55), (48, -50), (48, -45), (48, -40), (48, -35), (48, -30), (48, -25), (64, -20), (64, -15), (48, -10), (48, -5), (64, 0), (64, 5), (64, 10), (64, 15), (64, 20), (64, 25), (64, 30), (64, 35), (64, 40), (80, 45), (80, 50), (96, 55), (112, 60)]
2017-05-29 17:39:19, [(64, -60), (64, -55), (48, -50), (64, -45), (64, -40), (64, -35), (64, -30), (64, -25), (64, -20), (64, -15), (48, -10), (48, -5), (48, 0), (48, 5), (48, 10), (64, 15), (64, 20), (64, 25), (64, 30), (64, 35), (64, 40), (80, 45), (80, 50), (96, 55), (112, 60)]
2017-05-29 17:39:19, [(64, -60), (64, -55), (64, -50), (48, -45), (48, -40), (48, -35), (48, -30), (48, -25), (48, -20), (48, -15), (32, -10), (32, -5), (32, 0), (32, 5), (32, 10), (48, 15), (64, 20), (64, 25), (64, 30), (64, 35), (64, 40), (48, 45), (64, 50), (64, 55), (96, 60)]
2017-05-29 17:39:19, [(64, -60), (64, -55), (64, -50), (48, -45), (48, -40), (48, -35), (48, -30), (48, -25), (48, -20), (48, -15), (32, -10), (32, -5), (32, 0), (48, 5), (48, 10), (48, 15), (48, 20), (48, 25), (48, 30), (48, 35), (48, 40), (48, 45), (64, 50), (64, 55), (64, 60)]
2017-05-29 17:39:20, [(80, -60), (64, -55), (64, -50), (48, -45), (48, -40), (48, -35), (48, -30), (48, -25), (48, -20), (48, -15), (32, -10), (32, -5), (32, 0), (32, 5), (32, 10), (48, 15), (48, 20), (48, 25), (48, 30), (48, 35), (48, 40), (48, 45), (64, 50), (64, 55), (64, 60)]
2017-05-29 17:39:20, [(80, -60), (80, -55), (80, -50), (80, -45), (64, -40), (64, -35), (64, -30), (64, -25), (64, -20), (64, -15), (48, -10), (48, -5), (32, 0), (32, 5), (32, 10), (48, 15), (48, 20), (48, 25), (48, 30), (48, 35), (48, 40), (48, 45), (48, 50), (64, 55), (64, 60)]
2017-05-29 17:39:20, [(80, -60), (80, -55), (80, -50), (48, -45), (96, -40), (80, -35), (64, -30), (64, -25), (64, -20), (64, -15), (64, -10), (64, -5), (48, 0), (48, 5), (48, 10), (48, 15), (48, 20), (48, 25), (48, 30), (48, 35), (48, 40), (48, 45), (64, 50), (64, 55), (80, 60)]
2017-05-29 17:39:20, [(64, -60), (64, -55), (64, -50), (80, -45), (64, -40), (64, -35), (64, -30), (64, -25), (48, -20), (48, -15), (32, -10), (32, -5), (32, 0), (48, 5), (48, 10), (48, 15), (384, 20), (272, 25), (272, 30), (112, 35), (112, 40), (112, 45), (176, 50), (160, 55), (160, 60)]
2017-05-29 17:39:20, [(80, -60), (96, -55), (80, -50), (80, -45), (80, -40), (128, -35), (144, -30), (128, -25), (144, -20), (256, -15), (384, -10), (384, -5), (368, 0), (384, 5), (368, 10), (400, 15), (384, 20), (272, 25), (176, 30), (144, 35), (128, 40), (128, 45), (112, 50), (112, 55), (96, 60)]
2017-05-29 17:39:20, [(80, -60), (80, -55), (96, -50), (128, -45), (160, -40), (176, -35), (192, -30), (240, -25), (304, -20), (368, -15), (368, -10), (272, -5), (272, 0), (208, 5), (304, 10), (432, 15), (384, 20), (240, 25), (176, 30), (144, 35), (128, 40), (112, 45), (112, 50), (112, 55), (96, 60)]
2017-05-29 17:39:20, [(64, -60), (64, -55), (64, -50), (80, -45), (64, -40), (64, -35), (80, -30), (80, -25), (80, -20), (80, -15), (80, -10), (64, -5), (64, 0), (64, 5), (64, 10), (64, 15), (64, 20), (64, 25), (64, 30), (64, 35), (64, 40), (80, 45), (80, 50), (96, 55), (96, 60)]
2017-05-29 17:39:20, [(144, -60), (96, -55), (80, -50), (80, -45), (64, -40), (64, -35), (64, -30), (64, -25), (64, -20), (64, -15), (48, -10), (48, -5), (48, 0), (48, 5), (48, 10), (48, 15), (48, 20), (48, 25), (48, 30), (48, 35), (48, 40), (48, 45), (64, 50), (64, 55), (80, 60)]
2017-05-29 17:39:21, [(80, -60), (64, -55), (64, -50), (48, -45), (48, -40), (48, -35), (48, -30), (48, -25), (32, -20), (32, -15), (32, -10), (32, -5), (32, 0), (32, 5), (32, 10), (32, 15), (32, 20), (32, 25), (48, 30), (48, 35), (48, 40), (48, 45), (48, 50), (64, 55), (64, 60)]
2017-05-29 17:39:21, [(64, -60), (64, -55), (48, -50), (48, -45), (48, -40), (48, -35), (48, -30), (48, -25), (32, -20), (32, -15), (32, -10), (32, -5), (32, 0), (32, 5), (32, 10), (48, 15), (48, 20), (48, 25), (48, 30), (48, 35), (48, 40), (48, 45), (48, 50), (64, 55), (64, 60)]
2017-05-29 17:39:21, [(64, -60), (64, -55), (64, -50), (48, -45), (48, -40), (48, -35), (48, -30), (48, -25), (48, -20), (48, -15), (32, -10), (32, -5), (32, 0), (32, 5), (32, 10), (32, 15), (32, 20), (32, 25), (48, 30), (48, 35), (48, 40), (48, 45), (64, 50), (64, 55), (64, 60)]
2017-05-29 17:39:21, [(96, -60), (64, -55), (64, -50), (48, -45), (48, -40), (48, -35), (48, -30), (48, -25), (48, -20), (48, -15), (32, -10), (32, -5), (48, 0), (48, 5), (32, 10), (48, 15), (48, 20), (48, 25), (48, 30), (48, 35), (48, 40), (48, 45), (48, 50), (64, 55), (80, 60)]
2017-05-29 17:39:21, [(144, -60), (128, -55), (112, -50), (96, -45), (64, -40), (64, -35), (64, -30), (64, -25), (64, -20), (64, -15), (48, -10), (48, -5), (48, 0), (64, 5), (64, 10), (64, 15), (64, 20), (64, 25), (64, 30), (64, 35), (64, 40), (80, 45), (64, 50), (64, 55), (80, 60)]
2017-05-29 17:39:21, [(64, -60), (80, -55), (112, -50), (144, -45), (160, -40), (144, -35), (144, -30), (112, -25), (112, -20), (112, -15), (112, -10), (96, -5), (96, 0), (96, 5), (96, 10), (96, 15), (96, 20), (96, 25), (96, 30), (96, 35), (96, 40), (96, 45), (112, 50), (112, 55), (112, 60)]
2017-05-29 17:39:21, [(80, -60), (80, -55), (80, -50), (80, -45), (80, -40), (96, -35), (96, -30), (96, -25), (144, -20), (144, -15), (144, -10), (128, -5), (128, 0), (112, 5), (112, 10), (112, 15), (112, 20), (112, 25), (112, 30), (112, 35), (112, 40), (112, 45), (112, 50), (112, 55), (128, 60)]
2017-05-29 17:39:21, [(160, -60), (160, -55), (176, -50), (112, -45), (64, -40), (64, -35), (64, -30), (64, -25), (64, -20), (64, -15), (48, -10), (48, -5), (48, 0), (48, 5), (48, 10), (64, 15), (48, 20), (48, 25), (48, 30), (48, 35), (48, 40), (48, 45), (48, 50), (96, 55), (80, 60)]
2017-05-29 17:39:22, [(64, -60), (64, -55), (64, -50), (48, -45), (48, -40), (48, -35), (48, -30), (48, -25), (48, -20), (48, -15), (32, -10), (32, -5), (32, 0), (32, 5), (32, 10), (48, 15), (48, 20), (48, 25), (48, 30), (48, 35), (48, 40), (48, 45), (48, 50), (64, 55), (64, 60)]
2017-05-29 17:39:22, [(48, -60), (48, -55), (48, -50), (48, -45), (48, -40), (48, -35), (48, -30), (48, -25), (64, -20), (80, -15), (96, -10), (80, -5), (112, 0), (144, 5), (112, 10), (112, 15), (96, 20), (96, 25), (96, 30), (96, 35), (96, 40), (96, 45), (112, 50), (112, 55), (128, 60)]
2017-05-29 17:39:22, [(64, -60), (64, -55), (64, -50), (112, -45), (112, -40), (112, -35), (112, -30), (112, -25), (96, -20), (96, -15), (64, -10), (64, -5), (80, 0), (80, 5), (96, 10), (64, 15), (64, 20), (64, 25), (96, 30), (144, 35), (128, 40), (128, 45), (112, 50), (112, 55), (96, 60)]
2017-05-29 17:39:22, [(448, -60), (160, -55), (128, -50), (160, -45), (176, -40), (224, -35), (256, -30), (272, -25), (288, -20), (288, -15), (320, -10), (272, -5), (272, 0), (320, 5), (224, 10), (208, 15), (208, 20), (208, 25), (208, 30), (176, 35), (176, 40), (160, 45), (160, 50), (144, 55), (176, 60)]
2017-05-29 17:39:22, [(160, -60), (160, -55), (176, -50), (192, -45), (208, -40), (224, -35), (256, -30), (304, -25), (384, -20), (352, -15), (384, -10), (384, -5), (368, 0), (384, 5), (368, 10), (400, 15), (384, 20), (240, 25), (208, 30), (208, 35), (176, 40), (160, 45), (160, 50), (144, 55), (144, 60)]
2017-05-29 17:39:22, [(64, -60), (64, -55), (64, -50), (368, -45), (336, -40), (320, -35), (256, -30), (272, -25), (288, -20), (272, -15), (272, -10), (320, -5), (320, 0), (320, 5), (304, 10), (336, 15), (320, 20), (272, 25), (256, 30), (320, 35), (336, 40), (368, 45), (400, 50), (160, 55), (160, 60)]
2017-05-29 17:39:22, [(176, -60), (160, -55), (400, -50), (368, -45), (336, -40), (320, -35), (272, -30), (272, -25), (384, -20), (352, -15), (384, -10), (208, -5), (368, 0), (384, 5), (368, 10), (400, 15), (384, 20), (272, 25), (272, 30), (320, 35), (336, 40), (144, 45), (128, 50), (144, 55), (448, 60)]
2017-05-29 17:39:23, [(160, -60), (160, -55), (400, -50), (368, -45), (336, -40), (320, -35), (256, -30), (272, -25), (256, -20), (288, -15), (320, -10), (320, -5), (320, 0), (320, 5), (304, 10), (336, 15), (320, 20), (272, 25), (256, 30), (304, 35), (336, 40), (368, 45), (128, 50), (128, 55), (128, 60)]
2017-05-29 17:39:23, [(144, -60), (160, -55), (176, -50), (192, -45), (208, -40), (224, -35), (256, -30), (256, -25), (240, -20), (224, -15), (224, -10), (208, -5), (208, 0), (208, 5), (208, 10), (192, 15), (192, 20), (192, 25), (176, 30), (144, 35), (160, 40), (144, 45), (128, 50), (144, 55), (144, 60)]
2017-05-29 17:39:23, [(160, -60), (160, -55), (176, -50), (192, -45), (208, -40), (224, -35), (256, -30), (256, -25), (240, -20), (224, -15), (224, -10), (224, -5), (224, 0), (224, 5), (208, 10), (192, 15), (192, 20), (192, 25), (176, 30), (112, 35), (112, 40), (112, 45), (112, 50), (112, 55), (96, 60)]
2017-05-29 17:39:23, [(160, -60), (160, -55), (176, -50), (192, -45), (208, -40), (224, -35), (208, -30), (144, -25), (128, -20), (112, -15), (96, -10), (80, -5), (80, 0), (80, 5), (96, 10), (96, 15), (96, 20), (80, 25), (80, 30), (80, 35), (112, 40), (96, 45), (64, 50), (64, 55), (64, 60)]
2017-05-29 17:39:23, [(160, -60), (160, -55), (176, -50), (192, -45), (208, -40), (208, -35), (192, -30), (144, -25), (128, -20), (128, -15), (128, -10), (96, -5), (96, 0), (96, 5), (96, 10), (80, 15), (80, 20), (80, 25), (80, 30), (64, 35), (64, 40), (48, 45), (48, 50), (80, 55), (80, 60)]
2017-05-29 17:39:23, [(144, -60), (160, -55), (176, -50), (192, -45), (208, -40), (224, -35), (256, -30), (256, -25), (240, -20), (224, -15), (224, -10), (224, -5), (208, 0), (208, 5), (96, 10), (96, 15), (96, 20), (80, 25), (80, 30), (80, 35), (80, 40), (80, 45), (64, 50), (64, 55), (80, 60)]
2017-05-29 17:39:23, [(128, -60), (112, -55), (112, -50), (96, -45), (96, -40), (80, -35), (64, -30), (64, -25), (64, -20), (80, -15), (64, -10), (64, -5), (64, 0), (48, 5), (48, 10), (64, 15), (48, 20), (48, 25), (48, 30), (48, 35), (48, 40), (48, 45), (64, 50), (64, 55), (64, 60)]
2017-05-29 17:39:23, [(48, -60), (48, -55), (48, -50), (48, -45), (48, -40), (48, -35), (48, -30), (48, -25), (48, -20), (48, -15), (32, -10), (32, -5), (32, 0), (32, 5), (32, 10), (32, 15), (32, 20), (48, 25), (48, 30), (48, 35), (48, 40), (80, 45), (80, 50), (80, 55), (80, 60)]
2017-05-29 17:39:24, [(64, -60), (64, -55), (64, -50), (48, -45), (48, -40), (48, -35), (48, -30), (48, -25), (48, -20), (48, -15), (32, -10), (32, -5), (32, 0), (32, 5), (32, 10), (32, 15), (32, 20), (64, 25), (64, 30), (64, 35), (64, 40), (80, 45), (80, 50), (80, 55), (80, 60)]
2017-05-29 17:39:24, [(48, -60), (48, -55), (48, -50), (48, -45), (48, -40), (48, -35), (48, -30), (48, -25), (48, -20), (48, -15), (32, -10), (32, -5), (32, 0), (32, 5), (32, 10), (32, 15), (32, 20), (48, 25), (48, 30), (48, 35), (48, 40), (48, 45), (48, 50), (64, 55), (64, 60)]
2017-05-29 17:39:24, [(48, -60), (48, -55), (48, -50), (48, -45), (48, -40), (48, -35), (48, -30), (48, -25), (48, -20), (48, -15), (32, -10), (32, -5), (32, 0), (32, 5), (32, 10), (32, 15), (32, 20), (64, 25), (64, 30), (64, 35), (64, 40), (80, 45), (64, 50), (64, 55), (64, 60)]
2017-05-29 17:39:24, [(64, -60), (64, -55), (64, -50), (48, -45), (48, -40), (48, -35), (48, -30), (48, -25), (48, -20), (48, -15), (32, -10), (32, -5), (48, 0), (48, 5), (48, 10), (64, 15), (48, 20), (48, 25), (48, 30), (48, 35), (48, 40), (80, 45), (64, 50), (64, 55), (64, 60)]
2017-05-29 17:39:24, [(48, -60), (48, -55), (48, -50), (48, -45), (48, -40), (48, -35), (48, -30), (48, -25), (48, -20), (48, -15), (32, -10), (32, -5), (48, 0), (48, 5), (48, 10), (64, 15), (48, 20), (48, 25), (48, 30), (48, 35), (48, 40), (80, 45), (64, 50), (64, 55), (64, 60)]
2017-05-29 17:39:24, [(48, -60), (48, -55), (48, -50), (48, -45), (48, -40), (48, -35), (48, -30), (48, -25), (48, -20), (48, -15), (32, -10), (32, -5), (32, 0), (32, 5), (32, 10), (32, 15), (32, 20), (48, 25), (48, 30), (48, 35), (48, 40), (80, 45), (64, 50), (64, 55), (64, 60)]
2017-05-29 17:39:24, [(48, -60), (48, -55), (48, -50), (48, -45), (48, -40), (48, -35), (48, -30), (48, -25), (48, -20), (48, -15), (32, -10), (32, -5), (32, 0), (32, 5), (32, 10), (32, 15), (32, 20), (64, 25), (64, 30), (64, 35), (64, 40), (80, 45), (64, 50), (64, 55), (64, 60)]
2017-05-29 17:39:25, [(64, -60), (64, -55), (64, -50), (48, -45), (48, -40), (48, -35), (48, -30), (48, -25), (48, -20), (48, -15), (32, -10), (32, -5), (32, 0), (32, 5), (32, 10), (32, 15), (32, 20), (64, 25), (64, 30), (64, 35), (64, 40), (80, 45), (64, 50), (64, 55), (64, 60)]
2017-05-29 17:39:25, [(64, -60), (64, -55), (64, -50), (48, -45), (48, -40), (48, -35), (48, -30), (48, -25), (48, -20), (48, -15), (32, -10), (32, -5), (32, 0), (32, 5), (32, 10), (32, 15), (32, 20), (64, 25), (64, 30), (64, 35), (64, 40), (80, 45), (64, 50), (64, 55), (64, 60)]
2017-05-29 17:39:25, [(48, -60), (48, -55), (48, -50), (48, -45), (48, -40), (48, -35), (48, -30), (48, -25), (48, -20), (48, -15), (32, -10), (32, -5), (32, 0), (32, 5), (32, 10), (32, 15), (32, 20), (64, 25), (64, 30), (64, 35), (64, 40), (80, 45), (64, 50), (64, 55), (64, 60)]
2017-05-29 17:39:25, [(64, -60), (64, -55), (64, -50), (48, -45), (48, -40), (48, -35), (48, -30), (48, -25), (48, -20), (48, -15), (32, -10), (32, -5), (32, 0), (32, 5), (32, 10), (32, 15), (32, 20), (64, 25), (64, 30), (64, 35), (64, 40), (80, 45), (64, 50), (64, 55), (64, 60)]
2017-05-29 17:39:25, [(64, -60), (64, -55), (64, -50), (48, -45), (48, -40), (48, -35), (48, -30), (48, -25), (48, -20), (48, -15), (32, -10), (32, -5), (32, 0), (32, 5), (32, 10), (48, 15), (48, 20), (48, 25), (48, 30), (48, 35), (48, 40), (80, 45), (64, 50), (64, 55), (64, 60)]
2017-05-29 17:39:25, [(64, -60), (64, -55), (64, -50), (48, -45), (48, -40), (48, -35), (48, -30), (48, -25), (48, -20), (48, -15), (32, -10), (32, -5), (32, 0), (32, 5), (32, 10), (32, 15), (32, 20), (48, 25), (48, 30), (48, 35), (48, 40), (48, 45), (64, 50), (64, 55), (64, 60)]
2017-05-29 17:39:25, [(48, -60), (48, -55), (48, -50), (48, -45), (48, -40), (48, -35), (48, -30), (48, -25), (48, -20), (48, -15), (32, -10), (32, -5), (32, 0), (32, 5), (32, 10), (48, 15), (48, 20), (48, 25), (48, 30), (48, 35), (48, 40), (48, 45), (64, 50), (64, 55), (64, 60)]
2017-05-29 17:39:25, [(64, -60), (64, -55), (64, -50), (48, -45), (48, -40), (48, -35), (48, -30), (48, -25), (48, -20), (48, -15), (32, -10), (32, -5), (32, 0), (32, 5), (32, 10), (32, 15), (32, 20), (48, 25), (48, 30), (48, 35), (48, 40), (80, 45), (64, 50), (64, 55), (64, 60)]
2017-05-29 17:39:26, [(64, -60), (64, -55), (64, -50), (48, -45), (48, -40), (48, -35), (48, -30), (48, -25), (48, -20), (48, -15), (32, -10), (32, -5), (32, 0), (32, 5), (32, 10), (48, 15), (48, 20), (48, 25), (48, 30), (48, 35), (48, 40), (80, 45), (80, 50), (80, 55), (80, 60)]
2017-05-29 17:39:26, [(64, -60), (64, -55), (64, -50), (48, -45), (48, -40), (48, -35), (48, -30), (48, -25), (48, -20), (48, -15), (32, -10), (32, -5), (32, 0), (32, 5), (32, 10), (32, 15), (32, 20), (48, 25), (48, 30), (48, 35), (48, 40), (80, 45), (64, 50), (64, 55), (64, 60)]
2017-05-29 17:39:26, [(48, -60), (48, -55), (48, -50), (48, -45), (48, -40), (48, -35), (48, -30), (48, -25), (48, -20), (48, -15), (32, -10), (32, -5), (32, 0), (32, 5), (32, 10), (32, 15), (32, 20), (48, 25), (48, 30), (48, 35), (48, 40), (80, 45), (64, 50), (64, 55), (64, 60)]
2017-05-29 17:39:26, [(48, -60), (48, -55), (48, -50), (48, -45), (48, -40), (48, -35), (48, -30), (48, -25), (48, -20), (48, -15), (32, -10), (32, -5), (32, 0), (32, 5), (32, 10), (48, 15), (48, 20), (48, 25), (48, 30), (48, 35), (48, 40), (80, 45), (64, 50), (64, 55), (64, 60)]
2017-05-29 17:39:26, [(64, -60), (64, -55), (64, -50), (48, -45), (48, -40), (48, -35), (48, -30), (48, -25), (48, -20), (48, -15), (32, -10), (32, -5), (32, 0), (32, 5), (32, 10), (32, 15), (48, 20), (48, 25), (48, 30), (48, 35), (48, 40), (80, 45), (64, 50), (64, 55), (64, 60)]
2017-05-29 17:39:26, [(48, -60), (48, -55), (48, -50), (48, -45), (48, -40), (48, -35), (48, -30), (48, -25), (48, -20), (48, -15), (32, -10), (32, -5), (32, 0), (32, 5), (32, 10), (48, 15), (48, 20), (48, 25), (48, 30), (48, 35), (48, 40), (80, 45), (64, 50), (64, 55), (64, 60)]
2017-05-29 17:39:26, [(48, -60), (48, -55), (48, -50), (48, -45), (48, -40), (48, -35), (48, -30), (48, -25), (48, -20), (48, -15), (32, -10), (32, -5), (32, 0), (32, 5), (32, 10), (48, 15), (48, 20), (48, 25), (48, 30), (48, 35), (48, 40), (48, 45), (48, 50), (64, 55), (64, 60)]
2017-05-29 17:39:26, [(48, -60), (48, -55), (48, -50), (48, -45), (48, -40), (48, -35), (48, -30), (48, -25), (48, -20), (48, -15), (32, -10), (32, -5), (32, 0), (32, 5), (32, 10), (48, 15), (48, 20), (48, 25), (48, 30), (48, 35), (48, 40), (48, 45), (80, 50), (80, 55), (80, 60)]
2017-05-29 17:39:27, [(48, -60), (48, -55), (48, -50), (48, -45), (48, -40), (48, -35), (48, -30), (48, -25), (48, -20), (48, -15), (32, -10), (32, -5), (32, 0), (32, 5), (32, 10), (32, 15), (32, 20), (48, 25), (48, 30), (48, 35), (48, 40), (48, 45), (64, 50), (64, 55), (64, 60)]
2017-05-29 17:39:27, [(64, -60), (64, -55), (64, -50), (48, -45), (48, -40), (48, -35), (48, -30), (48, -25), (48, -20), (48, -15), (32, -10), (32, -5), (32, 0), (32, 5), (32, 10), (48, 15), (48, 20), (48, 25), (48, 30), (48, 35), (48, 40), (48, 45), (64, 50), (64, 55), (64, 60)]
2017-05-29 17:39:27, [(48, -60), (48, -55), (48, -50), (48, -45), (48, -40), (48, -35), (48, -30), (48, -25), (48, -20), (48, -15), (32, -10), (32, -5), (32, 0), (32, 5), (32, 10), (48, 15), (48, 20), (48, 25), (48, 30), (48, 35), (48, 40), (48, 45), (48, 50), (64, 55), (64, 60)]
2017-05-29 17:39:27, [(64, -60), (64, -55), (64, -50), (48, -45), (48, -40), (48, -35), (48, -30), (48, -25), (48, -20), (48, -15), (32, -10), (32, -5), (48, 0), (48, 5), (48, 10), (64, 15), (64, 20), (64, 25), (64, 30), (64, 35), (64, 40), (80, 45), (64, 50), (64, 55), (64, 60)]
2017-05-29 17:39:27, [(48, -60), (48, -55), (48, -50), (48, -45), (48, -40), (48, -35), (48, -30), (48, -25), (48, -20), (48, -15), (32, -10), (32, -5), (32, 0), (32, 5), (32, 10), (48, 15), (64, 20), (64, 25), (64, 30), (64, 35), (64, 40), (80, 45), (64, 50), (64, 55), (64, 60)]
2017-05-29 17:39:27, [(48, -60), (48, -55), (48, -50), (48, -45), (48, -40), (48, -35), (48, -30), (48, -25), (32, -20), (32, -15), (32, -10), (32, -5), (48, 0), (48, 5), (48, 10), (64, 15), (48, 20), (48, 25), (48, 30), (48, 35), (48, 40), (80, 45), (64, 50), (64, 55), (64, 60)]
2017-05-29 17:39:27, [(64, -60), (64, -55), (64, -50), (48, -45), (48, -40), (48, -35), (48, -30), (48, -25), (32, -20), (32, -15), (32, -10), (32, -5), (32, 0), (32, 5), (32, 10), (48, 15), (48, 20), (48, 25), (48, 30), (48, 35), (48, 40), (80, 45), (64, 50), (64, 55), (64, 60)]
2017-05-29 17:39:27, [(64, -60), (64, -55), (64, -50), (48, -45), (48, -40), (48, -35), (48, -30), (48, -25), (48, -20), (48, -15), (32, -10), (32, -5), (32, 0), (32, 5), (32, 10), (48, 15), (64, 20), (64, 25), (64, 30), (64, 35), (64, 40), (80, 45), (64, 50), (64, 55), (64, 60)]
2017-05-29 17:39:28, [(48, -60), (48, -55), (48, -50), (48, -45), (48, -40), (48, -35), (48, -30), (48, -25), (64, -20), (64, -15), (48, -10), (48, -5), (32, 0), (32, 5), (32, 10), (48, 15), (48, 20), (48, 25), (48, 30), (48, 35), (48, 40), (48, 45), (48, 50), (64, 55), (64, 60)]
2017-05-29 17:39:28, [(64, -60), (64, -55), (64, -50), (80, -45), (80, -40), (96, -35), (96, -30), (96, -25), (80, -20), (64, -15), (48, -10), (48, -5), (32, 0), (32, 5), (32, 10), (48, 15), (64, 20), (64, 25), (64, 30), (64, 35), (64, 40), (80, 45), (64, 50), (64, 55), (64, 60)]
2017-05-29 17:39:28, [(48, -60), (48, -55), (48, -50), (48, -45), (48, -40), (48, -35), (48, -30), (48, -25), (32, -20), (32, -15), (32, -10), (32, -5), (32, 0), (32, 5), (32, 10), (48, 15), (48, 20), (48, 25), (48, 30), (48, 35), (48, 40), (80, 45), (64, 50), (64, 55), (64, 60)]
2017-05-29 17:39:28, [(64, -60), (64, -55), (64, -50), (48, -45), (48, -40), (48, -35), (48, -30), (48, -25), (32, -20), (32, -15), (32, -10), (32, -5), (32, 0), (32, 5), (32, 10), (48, 15), (48, 20), (48, 25), (48, 30), (48, 35), (48, 40), (80, 45), (64, 50), (64, 55), (64, 60)]
2017-05-29 17:39:28, [(64, -60), (64, -55), (64, -50), (48, -45), (48, -40), (48, -35), (48, -30), (48, -25), (32, -20), (32, -15), (32, -10), (32, -5), (32, 0), (32, 5), (32, 10), (48, 15), (48, 20), (48, 25), (48, 30), (48, 35), (48, 40), (80, 45), (64, 50), (64, 55), (64, 60)]
2017-05-29 17:39:28, [(48, -60), (48, -55), (48, -50), (48, -45), (48, -40), (48, -35), (48, -30), (48, -25), (48, -20), (48, -15), (32, -10), (32, -5), (32, 0), (32, 5), (32, 10), (48, 15), (64, 20), (64, 25), (64, 30), (64, 35), (64, 40), (80, 45), (64, 50), (64, 55), (64, 60)]
2017-05-29 17:39:28, [(64, -60), (64, -55), (64, -50), (48, -45), (48, -40), (48, -35), (48, -30), (48, -25), (32, -20), (32, -15), (32, -10), (32, -5), (32, 0), (32, 5), (32, 10), (48, 15), (48, 20), (48, 25), (48, 30), (48, 35), (48, 40), (80, 45), (80, 50), (80, 55), (64, 60)]
2017-05-29 17:39:29, [(64, -60), (64, -55), (64, -50), (48, -45), (48, -40), (48, -35), (48, -30), (48, -25), (32, -20), (32, -15), (32, -10), (32, -5), (32, 0), (32, 5), (32, 10), (48, 15), (48, 20), (48, 25), (48, 30), (48, 35), (48, 40), (80, 45), (64, 50), (64, 55), (80, 60)]
2017-05-29 17:39:29, [(48, -60), (48, -55), (48, -50), (48, -45), (48, -40), (48, -35), (48, -30), (48, -25), (32, -20), (32, -15), (32, -10), (32, -5), (32, 0), (32, 5), (32, 10), (48, 15), (48, 20), (48, 25), (48, 30), (48, 35), (48, 40), (80, 45), (64, 50), (64, 55), (80, 60)]
2017-05-29 17:39:29, [(48, -60), (48, -55), (48, -50), (48, -45), (48, -40), (48, -35), (48, -30), (48, -25), (32, -20), (32, -15), (32, -10), (32, -5), (32, 0), (32, 5), (32, 10), (48, 15), (48, 20), (48, 25), (48, 30), (48, 35), (48, 40), (48, 45), (48, 50), (64, 55), (80, 60)]
2017-05-29 17:39:29, [(48, -60), (48, -55), (48, -50), (48, -45), (48, -40), (48, -35), (48, -30), (48, -25), (32, -20), (32, -15), (32, -10), (32, -5), (32, 0), (32, 5), (32, 10), (48, 15), (64, 20), (64, 25), (64, 30), (64, 35), (64, 40), (48, 45), (48, 50), (64, 55), (64, 60)]
2017-05-29 17:39:29, [(48, -60), (48, -55), (48, -50), (48, -45), (48, -40), (48, -35), (48, -30), (48, -25), (48, -20), (32, -15), (32, -10), (32, -5), (32, 0), (32, 5), (32, 10), (48, 15), (48, 20), (48, 25), (48, 30), (48, 35), (48, 40), (80, 45), (64, 50), (64, 55), (80, 60)]
2017-05-29 17:39:29, [(64, -60), (64, -55), (64, -50), (48, -45), (48, -40), (48, -35), (48, -30), (48, -25), (32, -20), (32, -15), (32, -10), (32, -5), (32, 0), (32, 5), (32, 10), (48, 15), (64, 20), (64, 25), (64, 30), (64, 35), (64, 40), (48, 45), (48, 50), (64, 55), (80, 60)]
2017-05-29 17:39:29, [(64, -60), (64, -55), (64, -50), (48, -45), (48, -40), (48, -35), (48, -30), (48, -25), (32, -20), (32, -15), (32, -10), (32, -5), (32, 0), (32, 5), (32, 10), (48, 15), (48, 20), (48, 25), (48, 30), (48, 35), (48, 40), (48, 45), (48, 50), (64, 55), (80, 60)]
2017-05-29 17:39:29, [(64, -60), (64, -55), (64, -50), (48, -45), (48, -40), (48, -35), (48, -30), (48, -25), (32, -20), (32, -15), (32, -10), (32, -5), (32, 0), (32, 5), (32, 10), (48, 15), (48, 20), (48, 25), (48, 30), (48, 35), (48, 40), (48, 45), (48, 50), (64, 55), (80, 60)]
2017-05-29 17:39:30, [(48, -60), (48, -55), (48, -50), (48, -45), (48, -40), (48, -35), (48, -30), (48, -25), (32, -20), (32, -15), (32, -10), (32, -5), (32, 0), (32, 5), (32, 10), (48, 15), (64, 20), (64, 25), (64, 30), (64, 35), (64, 40), (80, 45), (64, 50), (64, 55), (80, 60)]
2017-05-29 17:39:30, [(64, -60), (64, -55), (64, -50), (48, -45), (48, -40), (48, -35), (48, -30), (48, -25), (48, -20), (48, -15), (32, -10), (32, -5), (32, 0), (32, 5), (32, 10), (48, 15), (64, 20), (64, 25), (64, 30), (64, 35), (64, 40), (48, 45), (48, 50), (64, 55), (80, 60)]
2017-05-29 17:39:30, [(48, -60), (48, -55), (48, -50), (48, -45), (48, -40), (48, -35), (48, -30), (48, -25), (48, -20), (48, -15), (32, -10), (32, -5), (32, 0), (32, 5), (32, 10), (48, 15), (64, 20), (64, 25), (64, 30), (64, 35), (64, 40), (48, 45), (48, 50), (64, 55), (80, 60)]
2017-05-29 17:39:30, [(48, -60), (48, -55), (48, -50), (48, -45), (48, -40), (48, -35), (48, -30), (48, -25), (48, -20), (48, -15), (32, -10), (32, -5), (32, 0), (32, 5), (32, 10), (48, 15), (64, 20), (64, 25), (64, 30), (64, 35), (64, 40), (80, 45), (64, 50), (64, 55), (80, 60)]
2017-05-29 17:39:30, [(0, -60), (0, -55), (0, -50), (0, -45), (0, -40), (0, -35), (0, -30), (0, -25), (0, -20), (0, -15), (0, -10), (0, -5), (0, 0), (0, 5), (0, 10), (0, 15), (0, 20), (0, 25), (0, 30), (0, 35), (0, 40), (0, 45), (0, 50), (0, 55), (0, 60)]
2017-05-29 17:39:30, [(0, -60), (0, -55), (0, -50), (0, -45), (0, -40), (0, -35), (0, -30), (0, -25), (0, -20), (0, -15), (0, -10), (0, -5), (0, 0), (0, 5), (0, 10), (0, 15), (0, 20), (0, 25), (0, 30), (0, 35), (0, 40), (0, 45), (0, 50), (0, 55), (0, 60)]
